Time	U1	Uc1	I2	U2
0.000000	0.000000	0.000000	0.000000	0.000000
0.000100	0.100000	0.003268	0.000000	0.000001
0.000200	0.200000	0.012793	0.000002	0.000005
0.000300	0.300000	0.028171	0.000004	0.000015
0.000400	0.400000	0.049027	0.000007	0.000035
0.000500	0.500000	0.075006	0.000010	0.000067
0.000600	0.600000	0.105781	0.000014	0.000113
0.000700	0.700000	0.141040	0.000019	0.000177
0.000800	0.800000	0.180497	0.000024	0.000261
0.000900	0.900000	0.223880	0.000030	0.000365
0.001000	1.000000	0.270938	0.000037	0.000493
0.001100	1.100000	0.321432	0.000043	0.000647
0.001200	1.200000	0.375143	0.000051	0.000827
0.001300	1.300000	0.431862	0.000058	0.001036
0.001400	1.400000	0.491397	0.000066	0.001275
0.001500	1.500000	0.553566	0.000074	0.001545
0.001600	1.600000	0.618199	0.000083	0.001849
0.001700	1.700000	0.685137	0.000092	0.002186
0.001800	1.800000	0.754233	0.000101	0.002558
0.001900	1.900000	0.825347	0.000111	0.002966
0.002000	2.000000	0.898350	0.000121	0.003411
0.002100	2.100000	0.973119	0.000131	0.003894
0.002200	2.200000	1.049541	0.000141	0.004416
0.002300	2.300000	1.127510	0.000151	0.004977
0.002400	2.400000	1.206926	0.000162	0.005579
0.002500	2.500000	1.287695	0.000172	0.006222
0.002600	2.600000	1.369731	0.000183	0.006906
0.002700	2.700000	1.452952	0.000194	0.007633
0.002800	2.800000	1.537281	0.000206	0.008402
0.002900	2.900000	1.622648	0.000217	0.009214
0.003000	3.000000	1.708985	0.000228	0.010070
0.003100	3.100000	1.796230	0.000240	0.010971
0.003200	3.200000	1.884325	0.000251	0.011915
0.003300	3.300000	1.973214	0.000263	0.012905
0.003400	3.400000	2.062847	0.000275	0.013939
0.003500	3.500000	2.153175	0.000287	0.015019
0.003600	3.600000	2.244154	0.000299	0.016145
0.003700	3.700000	2.335742	0.000311	0.017317
0.003800	3.800000	2.427899	0.000323	0.018535
0.003900	3.900000	2.520589	0.000335	0.019799
0.004000	4.000000	2.613778	0.000347	0.021110
0.004100	4.100000	2.707433	0.000359	0.022467
0.004200	4.200000	2.801524	0.000371	0.023872
0.004300	4.300000	2.896023	0.000383	0.025323
0.004400	4.400000	2.990904	0.000396	0.026821
0.004500	4.500000	3.086143	0.000408	0.028367
0.004600	4.600000	3.181715	0.000420	0.029960
0.004700	4.700000	3.277600	0.000433	0.031600
0.004800	4.800000	3.373778	0.000445	0.033288
0.004900	4.900000	3.470228	0.000457	0.035022
0.005000	5.000000	3.566935	0.000470	0.036805
0.005100	5.100000	3.663881	0.000482	0.038635
0.005200	5.200000	3.761050	0.000494	0.040512
0.005300	5.300000	3.858429	0.000507	0.042437
0.005400	5.400000	3.956004	0.000519	0.044409
0.005500	5.500000	4.053762	0.000531	0.046428
0.005600	5.600000	4.151691	0.000544	0.048495
0.005700	5.700000	4.249781	0.000556	0.050609
0.005800	5.800000	4.348020	0.000568	0.052771
0.005900	5.900000	4.446399	0.000580	0.054979
0.006000	6.000000	4.544909	0.000593	0.057235
0.006100	6.100000	4.643542	0.000605	0.059538
0.006200	6.200000	4.742289	0.000617	0.061888
0.006300	6.300000	4.841143	0.000629	0.064285
0.006400	6.400000	4.940097	0.000641	0.066729
0.006500	6.500000	5.039145	0.000654	0.069219
0.006600	6.600000	5.138280	0.000666	0.071756
0.006700	6.700000	5.237497	0.000678	0.074340
0.006800	6.800000	5.336790	0.000690	0.076970
0.006900	6.900000	5.436155	0.000702	0.079646
0.007000	7.000000	5.535586	0.000714	0.082369
0.007100	7.100000	5.635080	0.000726	0.085138
0.007200	7.200000	5.734632	0.000738	0.087952
0.007300	7.300000	5.834239	0.000750	0.090813
0.007400	7.400000	5.933896	0.000762	0.093719
0.007500	7.500000	6.033600	0.000773	0.096670
0.007600	7.600000	6.133349	0.000785	0.099667
0.007700	7.700000	6.233139	0.000797	0.102710
0.007800	7.800000	6.332968	0.000809	0.105797
0.007900	7.900000	6.432833	0.000820	0.108930
0.008000	8.000000	6.532732	0.000832	0.112107
0.008100	8.100000	6.632661	0.000843	0.115329
0.008200	8.200000	6.732620	0.000855	0.118595
0.008300	8.300000	6.832606	0.000866	0.121905
0.008400	8.400000	6.932618	0.000878	0.125260
0.008500	8.500000	7.032653	0.000889	0.128659
0.008600	8.600000	7.132710	0.000901	0.132101
0.008700	8.700000	7.232788	0.000912	0.135587
0.008800	8.800000	7.332885	0.000923	0.139117
0.008900	8.900000	7.432999	0.000935	0.142690
0.009000	9.000000	7.533131	0.000946	0.146305
0.009100	9.100000	7.633277	0.000957	0.149964
0.009200	9.200000	7.733437	0.000968	0.153665
0.009300	9.300000	7.833611	0.000979	0.157409
0.009400	9.400000	7.933797	0.000990	0.161195
0.009500	9.500000	8.033994	0.001001	0.165024
0.009600	9.600000	8.134202	0.001012	0.168894
0.009700	9.700000	8.234420	0.001022	0.172806
0.009800	9.800000	8.334646	0.001033	0.176759
0.009900	9.900000	8.434881	0.001044	0.180754
0.010000	10.000000	8.535123	0.001055	0.184789
0.010100	9.900000	8.628836	0.001064	0.188865
0.010200	9.800000	8.710043	0.001072	0.192974
0.010300	9.700000	8.779547	0.001079	0.197111
0.010400	9.600000	8.838103	0.001083	0.201269
0.010500	9.500000	8.886416	0.001087	0.205443
0.010600	9.400000	8.925144	0.001089	0.209627
0.010700	9.300000	8.954905	0.001090	0.213817
0.010800	9.200000	8.976276	0.001089	0.218007
0.010900	9.100000	8.989797	0.001088	0.222193
0.011000	9.000000	8.995973	0.001085	0.226372
0.011100	8.900000	8.995277	0.001081	0.230538
0.011200	8.800000	8.988151	0.001077	0.234689
0.011300	8.700000	8.975010	0.001072	0.238821
0.011400	8.600000	8.956240	0.001065	0.242931
0.011500	8.500000	8.932204	0.001059	0.247016
0.011600	8.400000	8.903240	0.001051	0.251073
0.011700	8.300000	8.869666	0.001043	0.255099
0.011800	8.200000	8.831779	0.001034	0.259092
0.011900	8.100000	8.789855	0.001024	0.263050
0.012000	8.000000	8.744156	0.001014	0.266970
0.012100	7.900000	8.694923	0.001004	0.270851
0.012200	7.800000	8.642385	0.000993	0.274690
0.012300	7.700000	8.586754	0.000981	0.278486
0.012400	7.600000	8.528229	0.000969	0.282236
0.012500	7.500000	8.466996	0.000957	0.285940
0.012600	7.400000	8.403230	0.000944	0.289596
0.012700	7.300000	8.337093	0.000931	0.293202
0.012800	7.200000	8.268738	0.000918	0.296757
0.012900	7.100000	8.198308	0.000904	0.300260
0.013000	7.000000	8.125937	0.000890	0.303710
0.013100	6.900000	8.051749	0.000876	0.307105
0.013200	6.800000	7.975861	0.000861	0.310445
0.013300	6.700000	7.898383	0.000846	0.313728
0.013400	6.600000	7.819416	0.000831	0.316954
0.013500	6.500000	7.739058	0.000816	0.320121
0.013600	6.400000	7.657396	0.000801	0.323230
0.013700	6.300000	7.574516	0.000785	0.326279
0.013800	6.200000	7.490495	0.000769	0.329267
0.013900	6.100000	7.405407	0.000753	0.332194
0.014000	6.000000	7.319320	0.000737	0.335060
0.014100	5.900000	7.232299	0.000721	0.337863
0.014200	5.800000	7.144404	0.000704	0.340602
0.014300	5.700000	7.055691	0.000688	0.343279
0.014400	5.600000	6.966212	0.000671	0.345891
0.014500	5.500000	6.876018	0.000654	0.348439
0.014600	5.400000	6.785154	0.000637	0.350923
0.014700	5.300000	6.693662	0.000620	0.353340
0.014800	5.200000	6.601584	0.000603	0.355693
0.014900	5.100000	6.508957	0.000586	0.357979
0.015000	5.000000	6.415817	0.000568	0.360198
0.015100	4.900000	6.322196	0.000551	0.362351
0.015200	4.800000	6.228125	0.000534	0.364438
0.015300	4.700000	6.133634	0.000516	0.366456
0.015400	4.600000	6.038749	0.000499	0.368408
0.015500	4.500000	5.943495	0.000481	0.370291
0.015600	4.400000	5.847897	0.000463	0.372107
0.015700	4.300000	5.751977	0.000445	0.373854
0.015800	4.200000	5.655755	0.000428	0.375533
0.015900	4.100000	5.559250	0.000410	0.377143
0.016000	4.000000	5.462481	0.000392	0.378685
0.016100	3.900000	5.365465	0.000374	0.380157
0.016200	3.800000	5.268218	0.000356	0.381561
0.016300	3.700000	5.170755	0.000338	0.382895
0.016400	3.600000	5.073089	0.000320	0.384160
0.016500	3.500000	4.975233	0.000302	0.385356
0.016600	3.400000	4.877201	0.000284	0.386482
0.016700	3.300000	4.779002	0.000266	0.387538
0.016800	3.200000	4.680648	0.000247	0.388525
0.016900	3.100000	4.582149	0.000229	0.389441
0.017000	3.000000	4.483515	0.000211	0.390288
0.017100	2.900000	4.384753	0.000193	0.391065
0.017200	2.800000	4.285872	0.000175	0.391772
0.017300	2.700000	4.186880	0.000157	0.392409
0.017400	2.600000	4.087784	0.000138	0.392976
0.017500	2.500000	3.988591	0.000120	0.393473
0.017600	2.400000	3.889306	0.000102	0.393899
0.017700	2.300000	3.789937	0.000084	0.394256
0.017800	2.200000	3.690487	0.000065	0.394542
0.017900	2.100000	3.590963	0.000047	0.394758
0.018000	2.000000	3.491370	0.000029	0.394904
0.018100	1.900000	3.391711	0.000011	0.394980
0.018200	1.800000	3.291991	-0.000008	0.394986
0.018300	1.700000	3.192215	-0.000026	0.394921
0.018400	1.600000	3.092384	-0.000044	0.394787
0.018500	1.500000	2.992504	-0.000062	0.394582
0.018600	1.400000	2.892578	-0.000081	0.394307
0.018700	1.300000	2.792608	-0.000099	0.393962
0.018800	1.200000	2.692597	-0.000117	0.393547
0.018900	1.100000	2.592547	-0.000135	0.393063
0.019000	1.000000	2.492463	-0.000153	0.392508
0.019100	0.900000	2.392345	-0.000171	0.391883
0.019200	0.800000	2.292196	-0.000190	0.391189
0.019300	0.700000	2.192018	-0.000208	0.390425
0.019400	0.600000	2.091812	-0.000226	0.389591
0.019500	0.500000	1.991582	-0.000244	0.388688
0.019600	0.400000	1.891328	-0.000262	0.387715
0.019700	0.300000	1.791051	-0.000280	0.386673
0.019800	0.200000	1.690754	-0.000298	0.385562
0.019900	0.100000	1.590438	-0.000316	0.384381
0.020000	0.000000	1.490104	-0.000334	0.383131
0.020100	-0.100000	1.389754	-0.000352	0.381812
0.020200	-0.200000	1.289387	-0.000370	0.380424
0.020300	-0.300000	1.189006	-0.000388	0.378967
0.020400	-0.400000	1.088612	-0.000406	0.377441
0.020500	-0.500000	0.988205	-0.000423	0.375847
0.020600	-0.600000	0.887786	-0.000441	0.374184
0.020700	-0.700000	0.787357	-0.000459	0.372453
0.020800	-0.800000	0.686917	-0.000477	0.370653
0.020900	-0.900000	0.586468	-0.000494	0.368785
0.021000	-1.000000	0.486010	-0.000512	0.366849
0.021100	-1.100000	0.385544	-0.000530	0.364846
0.021200	-1.200000	0.285071	-0.000547	0.362774
0.021300	-1.300000	0.184590	-0.000565	0.360635
0.021400	-1.400000	0.084104	-0.000583	0.358428
0.021500	-1.500000	-0.016389	-0.000600	0.356154
0.021600	-1.600000	-0.116887	-0.000617	0.353813
0.021700	-1.700000	-0.217390	-0.000635	0.351404
0.021800	-1.800000	-0.317898	-0.000652	0.348929
0.021900	-1.900000	-0.418410	-0.000670	0.346387
0.022000	-2.000000	-0.518925	-0.000687	0.343778
0.022100	-2.100000	-0.619445	-0.000704	0.341103
0.022200	-2.200000	-0.719967	-0.000721	0.338362
0.022300	-2.300000	-0.820492	-0.000739	0.335554
0.022400	-2.400000	-0.921020	-0.000756	0.332681
0.022500	-2.500000	-1.021551	-0.000773	0.329742
0.022600	-2.600000	-1.122083	-0.000790	0.326737
0.022700	-2.700000	-1.222617	-0.000807	0.323667
0.022800	-2.800000	-1.323153	-0.000824	0.320531
0.022900	-2.900000	-1.423690	-0.000841	0.317331
0.023000	-3.000000	-1.524229	-0.000857	0.314066
0.023100	-3.100000	-1.624768	-0.000874	0.310736
0.023200	-3.200000	-1.725309	-0.000891	0.307341
0.023300	-3.300000	-1.825850	-0.000908	0.303883
0.023400	-3.400000	-1.926392	-0.000924	0.300360
0.023500	-3.500000	-2.026934	-0.000941	0.296774
0.023600	-3.600000	-2.127476	-0.000957	0.293124
0.023700	-3.700000	-2.228018	-0.000974	0.289410
0.023800	-3.800000	-2.328561	-0.000990	0.285633
0.023900	-3.900000	-2.429103	-0.001006	0.281794
0.024000	-4.000000	-2.529645	-0.001023	0.277891
0.024100	-4.100000	-2.630187	-0.001039	0.273926
0.024200	-4.200000	-2.730728	-0.001055	0.269899
0.024300	-4.300000	-2.831269	-0.001071	0.265809
0.024400	-4.400000	-2.931809	-0.001087	0.261658
0.024500	-4.500000	-3.032348	-0.001103	0.257445
0.024600	-4.600000	-3.132887	-0.001119	0.253171
0.024700	-4.700000	-3.233424	-0.001135	0.248835
0.024800	-4.800000	-3.333961	-0.001151	0.244439
0.024900	-4.900000	-3.434497	-0.001167	0.239982
0.025000	-5.000000	-3.535031	-0.001182	0.235465
0.025100	-5.100000	-3.635564	-0.001198	0.230887
0.025200	-5.200000	-3.736096	-0.001214	0.226250
0.025300	-5.300000	-3.836627	-0.001229	0.221552
0.025400	-5.400000	-3.937156	-0.001244	0.216796
0.025500	-5.500000	-4.037684	-0.001260	0.211980
0.025600	-5.600000	-4.138211	-0.001275	0.207105
0.025700	-5.700000	-4.238736	-0.001290	0.202172
0.025800	-5.800000	-4.339259	-0.001305	0.197181
0.025900	-5.900000	-4.439781	-0.001320	0.192131
0.026000	-6.000000	-4.540301	-0.001335	0.187024
0.026100	-6.100000	-4.640820	-0.001350	0.181859
0.026200	-6.200000	-4.741336	-0.001365	0.176636
0.026300	-6.300000	-4.841851	-0.001380	0.171357
0.026400	-6.400000	-4.942364	-0.001395	0.166021
0.026500	-6.500000	-5.042875	-0.001409	0.160629
0.026600	-6.600000	-5.143384	-0.001424	0.155181
0.026700	-6.700000	-5.243891	-0.001438	0.149676
0.026800	-6.800000	-5.344397	-0.001453	0.144117
0.026900	-6.900000	-5.444900	-0.001467	0.138502
0.027000	-7.000000	-5.545401	-0.001481	0.132832
0.027100	-7.100000	-5.645900	-0.001495	0.127107
0.027200	-7.200000	-5.746397	-0.001510	0.121329
0.027300	-7.300000	-5.846892	-0.001524	0.115496
0.027400	-7.400000	-5.947384	-0.001537	0.109609
0.027500	-7.500000	-6.047875	-0.001551	0.103669
0.027600	-7.600000	-6.148363	-0.001565	0.097676
0.027700	-7.700000	-6.248848	-0.001579	0.091630
0.027800	-7.800000	-6.349332	-0.001592	0.085532
0.027900	-7.900000	-6.449813	-0.001606	0.079381
0.028000	-8.000000	-6.550292	-0.001619	0.073179
0.028100	-8.100000	-6.650768	-0.001633	0.066925
0.028200	-8.200000	-6.751242	-0.001646	0.060620
0.028300	-8.300000	-6.851714	-0.001659	0.054264
0.028400	-8.400000	-6.952183	-0.001672	0.047858
0.028500	-8.500000	-7.052650	-0.001685	0.041401
0.028600	-8.600000	-7.153114	-0.001698	0.034895
0.028700	-8.700000	-7.253575	-0.001711	0.028339
0.028800	-8.800000	-7.354034	-0.001724	0.021734
0.028900	-8.900000	-7.454491	-0.001736	0.015080
0.029000	-9.000000	-7.554945	-0.001749	0.008377
0.029100	-9.100000	-7.655396	-0.001761	0.001627
0.029200	-9.200000	-7.755844	-0.001774	-0.005172
0.029300	-9.300000	-7.856290	-0.001786	-0.012017
0.029400	-9.400000	-7.956734	-0.001798	-0.018911
0.029500	-9.500000	-8.057174	-0.001810	-0.025850
0.029600	-9.600000	-8.157612	-0.001822	-0.032837
0.029700	-9.700000	-8.258047	-0.001834	-0.039869
0.029800	-9.800000	-8.358479	-0.001846	-0.046947
0.029900	-9.900000	-8.458908	-0.001858	-0.054070
0.030000	-10.000000	-8.559335	-0.001870	-0.061238
0.030100	-9.900000	-8.653222	-0.001880	-0.068450
0.030200	-9.800000	-8.734594	-0.001889	-0.075699
0.030300	-9.700000	-8.804255	-0.001896	-0.082979
0.030400	-9.600000	-8.862959	-0.001902	-0.090284
0.030500	-9.500000	-8.911412	-0.001906	-0.097608
0.030600	-9.400000	-8.950273	-0.001909	-0.104945
0.030700	-9.300000	-8.980160	-0.001910	-0.112290
0.030800	-9.200000	-9.001650	-0.001911	-0.119638
0.030900	-9.100000	-9.015284	-0.001910	-0.126985
0.031000	-9.000000	-9.021567	-0.001908	-0.134327
0.031100	-8.900000	-9.020972	-0.001905	-0.141658
0.031200	-8.800000	-9.013942	-0.001901	-0.148977
0.031300	-8.700000	-9.000891	-0.001896	-0.156278
0.031400	-8.600000	-8.982207	-0.001890	-0.163559
0.031500	-8.500000	-8.958252	-0.001884	-0.170817
0.031600	-8.400000	-8.929365	-0.001876	-0.178048
0.031700	-8.300000	-8.895863	-0.001868	-0.185250
0.031800	-8.200000	-8.858044	-0.001860	-0.192420
0.031900	-8.100000	-8.816186	-0.001851	-0.199555
0.032000	-8.000000	-8.770547	-0.001841	-0.206654
0.032100	-7.900000	-8.721372	-0.001830	-0.213714
0.032200	-7.800000	-8.668888	-0.001819	-0.220733
0.032300	-7.700000	-8.613307	-0.001808	-0.227709
0.032400	-7.600000	-8.554830	-0.001796	-0.234640
0.032500	-7.500000	-8.493641	-0.001784	-0.241524
0.032600	-7.400000	-8.429917	-0.001771	-0.248361
0.032700	-7.300000	-8.363819	-0.001758	-0.255147
0.032800	-7.200000	-8.295500	-0.001744	-0.261882
0.032900	-7.100000	-8.225104	-0.001731	-0.268565
0.033000	-7.000000	-8.152764	-0.001716	-0.275194
0.033100	-6.900000	-8.078604	-0.001702	-0.281767
0.033200	-6.800000	-8.002743	-0.001687	-0.288284
0.033300	-6.700000	-7.925289	-0.001672	-0.294744
0.033400	-6.600000	-7.846344	-0.001657	-0.301145
0.033500	-6.500000	-7.766005	-0.001641	-0.307486
0.033600	-6.400000	-7.684361	-0.001625	-0.313767
0.033700	-6.300000	-7.601496	-0.001609	-0.319986
0.033800	-6.200000	-7.517488	-0.001593	-0.326143
0.033900	-6.100000	-7.432411	-0.001576	-0.332237
0.034000	-6.000000	-7.346334	-0.001559	-0.338267
0.034100	-5.900000	-7.259321	-0.001543	-0.344233
0.034200	-5.800000	-7.171432	-0.001525	-0.350133
0.034300	-5.700000	-7.082723	-0.001508	-0.355967
0.034400	-5.600000	-6.993247	-0.001491	-0.361734
0.034500	-5.500000	-6.903053	-0.001473	-0.367434
0.034600	-5.400000	-6.812188	-0.001456	-0.373066
0.034700	-5.300000	-6.720694	-0.001438	-0.378630
0.034800	-5.200000	-6.628611	-0.001420	-0.384125
0.034900	-5.100000	-6.535978	-0.001402	-0.389550
0.035000	-5.000000	-6.442830	-0.001383	-0.394906
0.035100	-4.900000	-6.349200	-0.001365	-0.400191
0.035200	-4.800000	-6.255119	-0.001346	-0.405405
0.035300	-4.700000	-6.160615	-0.001328	-0.410548
0.035400	-4.600000	-6.065717	-0.001309	-0.415620
0.035500	-4.500000	-5.970448	-0.001290	-0.420619
0.035600	-4.400000	-5.874834	-0.001272	-0.425546
0.035700	-4.300000	-5.778895	-0.001253	-0.430400
0.035800	-4.200000	-5.682653	-0.001234	-0.435182
0.035900	-4.100000	-5.586128	-0.001214	-0.439889
0.036000	-4.000000	-5.489337	-0.001195	-0.444523
0.036100	-3.900000	-5.392297	-0.001176	-0.449083
0.036200	-3.800000	-5.295025	-0.001157	-0.453569
0.036300	-3.700000	-5.197535	-0.001137	-0.457980
0.036400	-3.600000	-5.099841	-0.001118	-0.462316
0.036500	-3.500000	-5.001957	-0.001098	-0.466577
0.036600	-3.400000	-4.903893	-0.001078	-0.470763
0.036700	-3.300000	-4.805663	-0.001059	-0.474873
0.036800	-3.200000	-4.707276	-0.001039	-0.478907
0.036900	-3.100000	-4.608743	-0.001019	-0.482865
0.037000	-3.000000	-4.510072	-0.000999	-0.486747
0.037100	-2.900000	-4.411273	-0.000979	-0.490553
0.037200	-2.800000	-4.312354	-0.000960	-0.494282
0.037300	-2.700000	-4.213323	-0.000940	-0.497934
0.037400	-2.600000	-4.114186	-0.000920	-0.501509
0.037500	-2.500000	-4.014950	-0.000899	-0.505007
0.037600	-2.400000	-3.915623	-0.000879	-0.508428
0.037700	-2.300000	-3.816208	-0.000859	-0.511771
0.037800	-2.200000	-3.716713	-0.000839	-0.515036
0.037900	-2.100000	-3.617142	-0.000819	-0.518224
0.038000	-2.000000	-3.517500	-0.000798	-0.521334
0.038100	-1.900000	-3.417792	-0.000778	-0.524366
0.038200	-1.800000	-3.318021	-0.000758	-0.527320
0.038300	-1.700000	-3.218192	-0.000737	-0.530195
0.038400	-1.600000	-3.118309	-0.000717	-0.532993
0.038500	-1.500000	-3.018375	-0.000697	-0.535711
0.038600	-1.400000	-2.918392	-0.000676	-0.538352
0.038700	-1.300000	-2.818365	-0.000656	-0.540913
0.038800	-1.200000	-2.718296	-0.000635	-0.543396
0.038900	-1.100000	-2.618188	-0.000615	-0.545800
0.039000	-1.000000	-2.518043	-0.000594	-0.548125
0.039100	-0.900000	-2.417863	-0.000574	-0.550370
0.039200	-0.800000	-2.317652	-0.000553	-0.552537
0.039300	-0.700000	-2.217410	-0.000533	-0.554625
0.039400	-0.600000	-2.117139	-0.000512	-0.556634
0.039500	-0.500000	-2.016843	-0.000491	-0.558563
0.039600	-0.400000	-1.916521	-0.000471	-0.560413
0.039700	-0.300000	-1.816176	-0.000450	-0.562184
0.039800	-0.200000	-1.715810	-0.000429	-0.563875
0.039900	-0.100000	-1.615423	-0.000409	-0.565487
0.040000	0.000000	-1.515017	-0.000388	-0.567020
0.040100	0.100000	-1.414593	-0.000367	-0.568473
0.040200	0.200000	-1.314153	-0.000347	-0.569846
0.040300	0.300000	-1.213697	-0.000326	-0.571140
0.040400	0.400000	-1.113226	-0.000305	-0.572355
0.040500	0.500000	-1.012742	-0.000285	-0.573490
0.040600	0.600000	-0.912244	-0.000264	-0.574545
0.040700	0.700000	-0.811735	-0.000243	-0.575521
0.040800	0.800000	-0.711215	-0.000223	-0.576417
0.040900	0.900000	-0.610684	-0.000202	-0.577234
0.041000	1.000000	-0.510143	-0.000181	-0.577971
0.041100	1.100000	-0.409593	-0.000161	-0.578629
0.041200	1.200000	-0.309035	-0.000140	-0.579207
0.041300	1.300000	-0.208468	-0.000119	-0.579706
0.041400	1.400000	-0.107895	-0.000099	-0.580125
0.041500	1.500000	-0.007314	-0.000078	-0.580465
0.041600	1.600000	0.093274	-0.000057	-0.580725
0.041700	1.700000	0.193867	-0.000037	-0.580907
0.041800	1.800000	0.294466	-0.000016	-0.581008
0.041900	1.900000	0.395070	0.000004	-0.581031
0.042000	2.000000	0.495679	0.000025	-0.580974
0.042100	2.100000	0.596293	0.000046	-0.580838
0.042200	2.200000	0.696911	0.000066	-0.580623
0.042300	2.300000	0.797532	0.000087	-0.580329
0.042400	2.400000	0.898158	0.000107	-0.579956
0.042500	2.500000	0.998787	0.000128	-0.579504
0.042600	2.600000	1.099418	0.000148	-0.578973
0.042700	2.700000	1.200053	0.000169	-0.578364
0.042800	2.800000	1.300690	0.000189	-0.577676
0.042900	2.900000	1.401330	0.000210	-0.576909
0.043000	3.000000	1.501972	0.000230	-0.576063
0.043100	3.100000	1.602616	0.000250	-0.575139
0.043200	3.200000	1.703262	0.000271	-0.574137
0.043300	3.300000	1.803909	0.000291	-0.573057
0.043400	3.400000	1.904558	0.000311	-0.571898
0.043500	3.500000	2.005208	0.000332	-0.570662
0.043600	3.600000	2.105859	0.000352	-0.569347
0.043700	3.700000	2.206512	0.000372	-0.567955
0.043800	3.800000	2.307165	0.000392	-0.566485
0.043900	3.900000	2.407819	0.000412	-0.564937
0.044000	4.000000	2.508474	0.000433	-0.563312
0.044100	4.100000	2.609130	0.000453	-0.561610
0.044200	4.200000	2.709786	0.000473	-0.559830
0.044300	4.300000	2.810442	0.000493	-0.557973
0.044400	4.400000	2.911098	0.000513	-0.556040
0.044500	4.500000	3.011755	0.000533	-0.554029
0.044600	4.600000	3.112412	0.000553	-0.551942
0.044700	4.700000	3.213068	0.000572	-0.549778
0.044800	4.800000	3.313725	0.000592	-0.547538
0.044900	4.900000	3.414381	0.000612	-0.545222
0.045000	5.000000	3.515037	0.000632	-0.542830
0.045100	5.100000	3.615693	0.000652	-0.540362
0.045200	5.200000	3.716348	0.000671	-0.537818
0.045300	5.300000	3.817003	0.000691	-0.535199
0.045400	5.400000	3.917658	0.000710	-0.532504
0.045500	5.500000	4.018312	0.000730	-0.529734
0.045600	5.600000	4.118965	0.000749	-0.526890
0.045700	5.700000	4.219617	0.000769	-0.523970
0.045800	5.800000	4.320269	0.000788	-0.520975
0.045900	5.900000	4.420920	0.000808	-0.517907
0.046000	6.000000	4.521570	0.000827	-0.514764
0.046100	6.100000	4.622219	0.000846	-0.511546
0.046200	6.200000	4.722867	0.000865	-0.508255
0.046300	6.300000	4.823514	0.000884	-0.504890
0.046400	6.400000	4.924160	0.000903	-0.501452
0.046500	6.500000	5.024804	0.000922	-0.497941
0.046600	6.600000	5.125448	0.000941	-0.494356
0.046700	6.700000	5.226091	0.000960	-0.490699
0.046800	6.800000	5.326732	0.000979	-0.486969
0.046900	6.900000	5.427372	0.000998	-0.483167
0.047000	7.000000	5.528010	0.001017	-0.479292
0.047100	7.100000	5.628647	0.001035	-0.475345
0.047200	7.200000	5.729283	0.001054	-0.471327
0.047300	7.300000	5.829917	0.001073	-0.467238
0.047400	7.400000	5.930550	0.001091	-0.463077
0.047500	7.500000	6.031181	0.001110	-0.458845
0.047600	7.600000	6.131811	0.001128	-0.454542
0.047700	7.700000	6.232439	0.001146	-0.450169
0.047800	7.800000	6.333066	0.001164	-0.445725
0.047900	7.900000	6.433691	0.001183	-0.441212
0.048000	8.000000	6.534314	0.001201	-0.436629
0.048100	8.100000	6.634935	0.001219	-0.431976
0.048200	8.200000	6.735555	0.001237	-0.427254
0.048300	8.300000	6.836172	0.001255	-0.422463
0.048400	8.400000	6.936788	0.001272	-0.417604
0.048500	8.500000	7.037402	0.001290	-0.412676
0.048600	8.600000	7.138015	0.001308	-0.407680
0.048700	8.700000	7.238625	0.001325	-0.402616
0.048800	8.800000	7.339233	0.001343	-0.397484
0.048900	8.900000	7.439839	0.001360	-0.392285
0.049000	9.000000	7.540444	0.001378	-0.387019
0.049100	9.100000	7.641046	0.001395	-0.381687
0.049200	9.200000	7.741646	0.001412	-0.376288
0.049300	9.300000	7.842244	0.001430	-0.370822
0.049400	9.400000	7.942840	0.001447	-0.365291
0.049500	9.500000	8.043434	0.001464	-0.359695
0.049600	9.600000	8.144025	0.001481	-0.354033
0.049700	9.700000	8.244614	0.001497	-0.348306
0.049800	9.800000	8.345201	0.001514	-0.342515
0.049900	9.900000	8.445786	0.001531	-0.336659
0.050000	10.000000	8.546369	0.001547	-0.330739
0.050100	9.900000	8.640413	0.001563	-0.324757
0.050200	9.800000	8.721941	0.001577	-0.318718
0.050300	9.700000	8.791759	0.001589	-0.312629
0.050400	9.600000	8.850621	0.001600	-0.306496
0.050500	9.500000	8.899232	0.001609	-0.300326
0.050600	9.400000	8.938252	0.001617	-0.294122
0.050700	9.300000	8.968298	0.001623	-0.287891
0.050800	9.200000	8.989948	0.001628	-0.281638
0.050900	9.100000	9.003742	0.001633	-0.275366
0.051000	9.000000	9.010185	0.001636	-0.269081
0.051100	8.900000	9.009751	0.001638	-0.262786
0.051200	8.800000	9.002883	0.001639	-0.256484
0.051300	8.700000	8.989994	0.001639	-0.250180
0.051400	8.600000	8.971472	0.001638	-0.243877
0.051500	8.500000	8.947679	0.001637	-0.237578
0.051600	8.400000	8.918955	0.001635	-0.231286
0.051700	8.300000	8.885617	0.001632	-0.225003
0.051800	8.200000	8.847962	0.001629	-0.218732
0.051900	8.100000	8.806267	0.001624	-0.212476
0.052000	8.000000	8.760793	0.001620	-0.206237
0.052100	7.900000	8.711782	0.001614	-0.200017
0.052200	7.800000	8.659463	0.001609	-0.193819
0.052300	7.700000	8.604048	0.001602	-0.187643
0.052400	7.600000	8.545736	0.001596	-0.181493
0.052500	7.500000	8.484714	0.001589	-0.175369
0.052600	7.400000	8.421156	0.001581	-0.169273
0.052700	7.300000	8.355224	0.001573	-0.163208
0.052800	7.200000	8.287073	0.001565	-0.157173
0.052900	7.100000	8.216844	0.001556	-0.151171
0.053000	7.000000	8.144671	0.001547	-0.145204
0.053100	6.900000	8.070679	0.001538	-0.139271
0.053200	6.800000	7.994986	0.001528	-0.133375
0.053300	6.700000	7.917700	0.001518	-0.127516
0.053400	6.600000	7.838924	0.001508	-0.121696
0.053500	6.500000	7.758753	0.001498	-0.115916
0.053600	6.400000	7.677278	0.001487	-0.110176
0.053700	6.300000	7.594582	0.001476	-0.104477
0.053800	6.200000	7.510744	0.001465	-0.098820
0.053900	6.100000	7.425837	0.001454	-0.093207
0.054000	6.000000	7.339930	0.001442	-0.087637
0.054100	5.900000	7.253086	0.001431	-0.082112
0.054200	5.800000	7.165367	0.001419	-0.076632
0.054300	5.700000	7.076829	0.001407	-0.071198
0.054400	5.600000	6.987523	0.001395	-0.065810
0.054500	5.500000	6.897500	0.001382	-0.060470
0.054600	5.400000	6.806805	0.001370	-0.055177
0.054700	5.300000	6.715482	0.001357	-0.049933
0.054800	5.200000	6.623571	0.001344	-0.044737
0.054900	5.100000	6.531109	0.001332	-0.039591
0.055000	5.000000	6.438132	0.001319	-0.034494
0.055100	4.900000	6.344674	0.001305	-0.029448
0.055200	4.800000	6.250764	0.001292	-0.024452
0.055300	4.700000	6.156432	0.001279	-0.019507
0.055400	4.600000	6.061705	0.001265	-0.014614
0.055500	4.500000	5.966608	0.001252	-0.009773
0.055600	4.400000	5.871165	0.001238	-0.004984
0.055700	4.300000	5.775399	0.001225	-0.000248
0.055800	4.200000	5.679329	0.001211	0.004436
0.055900	4.100000	5.582975	0.001197	0.009066
0.056000	4.000000	5.486356	0.001183	0.013642
0.056100	3.900000	5.389489	0.001169	0.018164
0.056200	3.800000	5.292388	0.001155	0.022633
0.056300	3.700000	5.195070	0.001140	0.027046
0.056400	3.600000	5.097549	0.001126	0.031405
0.056500	3.500000	4.999836	0.001112	0.035709
0.056600	3.400000	4.901945	0.001097	0.039957
0.056700	3.300000	4.803886	0.001083	0.044150
0.056800	3.200000	4.705671	0.001068	0.048287
0.056900	3.100000	4.607310	0.001054	0.052368
0.057000	3.000000	4.508811	0.001039	0.056393
0.057100	2.900000	4.410184	0.001024	0.060361
0.057200	2.800000	4.311437	0.001010	0.064272
0.057300	2.700000	4.212577	0.000995	0.068127
0.057400	2.600000	4.113612	0.000980	0.071924
0.057500	2.500000	4.014548	0.000965	0.075664
0.057600	2.400000	3.915391	0.000950	0.079347
0.057700	2.300000	3.816148	0.000935	0.082972
0.057800	2.200000	3.716824	0.000920	0.086539
0.057900	2.100000	3.617424	0.000905	0.090048
0.058000	2.000000	3.517953	0.000890	0.093499
0.058100	1.900000	3.418416	0.000874	0.096891
0.058200	1.800000	3.318816	0.000859	0.100225
0.058300	1.700000	3.219158	0.000844	0.103501
0.058400	1.600000	3.119445	0.000829	0.106718
0.058500	1.500000	3.019680	0.000813	0.109875
0.058600	1.400000	2.919868	0.000798	0.112974
0.058700	1.300000	2.820011	0.000783	0.116013
0.058800	1.200000	2.720112	0.000767	0.118994
0.058900	1.100000	2.620173	0.000752	0.121914
0.059000	1.000000	2.520197	0.000736	0.124776
0.059100	0.900000	2.420186	0.000721	0.127577
0.059200	0.800000	2.320144	0.000705	0.130319
0.059300	0.700000	2.220070	0.000690	0.133001
0.059400	0.600000	2.119968	0.000674	0.135623
0.059500	0.500000	2.019840	0.000658	0.138185
0.059600	0.400000	1.919686	0.000643	0.140687
0.059700	0.300000	1.819509	0.000627	0.143129
0.059800	0.200000	1.719310	0.000611	0.145510
0.059900	0.100000	1.619090	0.000596	0.147831
0.060000	-0.000000	1.518851	0.000580	0.150091
0.060100	-0.100000	1.418593	0.000564	0.152291
0.060200	-0.200000	1.318319	0.000548	0.154430
0.060300	-0.300000	1.218029	0.000533	0.156509
0.060400	-0.400000	1.117724	0.000517	0.158526
0.060500	-0.500000	1.017405	0.000501	0.160483
0.060600	-0.600000	0.917072	0.000485	0.162379
0.060700	-0.700000	0.816728	0.000469	0.164215
0.060800	-0.800000	0.716372	0.000453	0.165989
0.060900	-0.900000	0.616005	0.000437	0.167702
0.061000	-1.000000	0.515627	0.000422	0.169354
0.061100	-1.100000	0.415241	0.000406	0.170945
0.061200	-1.200000	0.314845	0.000390	0.172475
0.061300	-1.300000	0.214441	0.000374	0.173943
0.061400	-1.400000	0.114029	0.000358	0.175351
0.061500	-1.500000	0.013610	0.000342	0.176697
0.061600	-1.600000	-0.086816	0.000326	0.177982
0.061700	-1.700000	-0.187248	0.000310	0.179205
0.061800	-1.800000	-0.287687	0.000294	0.180368
0.061900	-1.900000	-0.388131	0.000278	0.181469
0.062000	-2.000000	-0.488581	0.000262	0.182508
0.062100	-2.100000	-0.589035	0.000246	0.183486
0.062200	-2.200000	-0.689494	0.000230	0.184403
0.062300	-2.300000	-0.789958	0.000214	0.185259
0.062400	-2.400000	-0.890425	0.000199	0.186053
0.062500	-2.500000	-0.990897	0.000183	0.186786
0.062600	-2.600000	-1.091372	0.000167	0.187457
0.062700	-2.700000	-1.191850	0.000151	0.188067
0.062800	-2.800000	-1.292331	0.000135	0.188616
0.062900	-2.900000	-1.392816	0.000119	0.189103
0.063000	-3.000000	-1.493303	0.000103	0.189530
0.063100	-3.100000	-1.593792	0.000087	0.189894
0.063200	-3.200000	-1.694284	0.000071	0.190198
0.063300	-3.300000	-1.794778	0.000055	0.190440
0.063400	-3.400000	-1.895274	0.000039	0.190621
0.063500	-3.500000	-1.995772	0.000023	0.190741
0.063600	-3.600000	-2.096271	0.000007	0.190800
0.063700	-3.700000	-2.196773	-0.000009	0.190798
0.063800	-3.800000	-2.297275	-0.000024	0.190734
0.063900	-3.900000	-2.397779	-0.000040	0.190610
0.064000	-4.000000	-2.498285	-0.000056	0.190424
0.064100	-4.100000	-2.598791	-0.000072	0.190178
0.064200	-4.200000	-2.699299	-0.000088	0.189871
0.064300	-4.300000	-2.799807	-0.000104	0.189502
0.064400	-4.400000	-2.900316	-0.000119	0.189074
0.064500	-4.500000	-3.000826	-0.000135	0.188584
0.064600	-4.600000	-3.101337	-0.000151	0.188034
0.064700	-4.700000	-3.201848	-0.000167	0.187423
0.064800	-4.800000	-3.302360	-0.000182	0.186752
0.064900	-4.900000	-3.402872	-0.000198	0.186020
0.065000	-5.000000	-3.503385	-0.000214	0.185228
0.065100	-5.100000	-3.603898	-0.000229	0.184375
0.065200	-5.200000	-3.704411	-0.000245	0.183462
0.065300	-5.300000	-3.804924	-0.000261	0.182490
0.065400	-5.400000	-3.905438	-0.000276	0.181457
0.065500	-5.500000	-4.005951	-0.000292	0.180364
0.065600	-5.600000	-4.106465	-0.000307	0.179211
0.065700	-5.700000	-4.206978	-0.000323	0.177999
0.065800	-5.800000	-4.307492	-0.000339	0.176726
0.065900	-5.900000	-4.408005	-0.000354	0.175395
0.066000	-6.000000	-4.508518	-0.000369	0.174003
0.066100	-6.100000	-4.609031	-0.000385	0.172553
0.066200	-6.200000	-4.709543	-0.000400	0.171043
0.066300	-6.300000	-4.810055	-0.000416	0.169474
0.066400	-6.400000	-4.910567	-0.000431	0.167846
0.066500	-6.500000	-5.011079	-0.000446	0.166159
0.066600	-6.600000	-5.111590	-0.000462	0.164413
0.066700	-6.700000	-5.212100	-0.000477	0.162608
0.066800	-6.800000	-5.312611	-0.000492	0.160745
0.066900	-6.900000	-5.413120	-0.000507	0.158823
0.067000	-7.000000	-5.513629	-0.000522	0.156844
0.067100	-7.100000	-5.614137	-0.000537	0.154805
0.067200	-7.200000	-5.714645	-0.000553	0.152709
0.067300	-7.300000	-5.815152	-0.000568	0.150555
0.067400	-7.400000	-5.915658	-0.000583	0.148343
0.067500	-7.500000	-6.016163	-0.000598	0.146074
0.067600	-7.600000	-6.116668	-0.000612	0.143747
0.067700	-7.700000	-6.217172	-0.000627	0.141362
0.067800	-7.800000	-6.317675	-0.000642	0.138921
0.067900	-7.900000	-6.418177	-0.000657	0.136422
0.068000	-8.000000	-6.518678	-0.000672	0.133866
0.068100	-8.100000	-6.619179	-0.000687	0.131254
0.068200	-8.200000	-6.719678	-0.000701	0.128585
0.068300	-8.300000	-6.820177	-0.000716	0.125860
0.068400	-8.400000	-6.920674	-0.000731	0.123078
0.068500	-8.500000	-7.021170	-0.000745	0.120241
0.068600	-8.600000	-7.121665	-0.000760	0.117347
0.068700	-8.700000	-7.222160	-0.000774	0.114398
0.068800	-8.800000	-7.322653	-0.000788	0.111393
0.068900	-8.900000	-7.423145	-0.000803	0.108333
0.069000	-9.000000	-7.523635	-0.000817	0.105217
0.069100	-9.100000	-7.624125	-0.000831	0.102047
0.069200	-9.200000	-7.724613	-0.000846	0.098821
0.069300	-9.300000	-7.825100	-0.000860	0.095541
0.069400	-9.400000	-7.925586	-0.000874	0.092206
0.069500	-9.500000	-8.026070	-0.000888	0.088818
0.069600	-9.600000	-8.126554	-0.000902	0.085375
0.069700	-9.700000	-8.227036	-0.000916	0.081878
0.069800	-9.800000	-8.327516	-0.000930	0.078327
0.069900	-9.900000	-8.427995	-0.000944	0.074723
0.070000	-10.000000	-8.528473	-0.000958	0.071066
0.070100	-9.900000	-8.622413	-0.000971	0.067356
0.070200	-9.800000	-8.703838	-0.000982	0.063601
0.070300	-9.700000	-8.773554	-0.000991	0.059806
0.070400	-9.600000	-8.832315	-0.000999	0.055977
0.070500	-9.500000	-8.880826	-0.001006	0.052120
0.070600	-9.400000	-8.919747	-0.001011	0.048241
0.070700	-9.300000	-8.949695	-0.001015	0.044344
0.070800	-9.200000	-8.971247	-0.001018	0.040434
0.070900	-9.100000	-8.984944	-0.001019	0.036516
0.071000	-9.000000	-8.991292	-0.001020	0.032594
0.071100	-8.900000	-8.990763	-0.001020	0.028671
0.071200	-8.800000	-8.983801	-0.001018	0.024752
0.071300	-8.700000	-8.970820	-0.001016	0.020839
0.071400	-8.600000	-8.952206	-0.001013	0.016936
0.071500	-8.500000	-8.928322	-0.001010	0.013046
0.071600	-8.400000	-8.899509	-0.001005	0.009171
0.071700	-8.300000	-8.866082	-0.001000	0.005315
0.071800	-8.200000	-8.828338	-0.000994	0.001480
0.071900	-8.100000	-8.786557	-0.000988	-0.002332
0.072000	-8.000000	-8.740997	-0.000981	-0.006119
0.072100	-7.900000	-8.691901	-0.000974	-0.009879
0.072200	-7.800000	-8.639498	-0.000966	-0.013609
0.072300	-7.700000	-8.584000	-0.000958	-0.017308
0.072400	-7.600000	-8.525606	-0.000949	-0.020974
0.072500	-7.500000	-8.464503	-0.000940	-0.024605
0.072600	-7.400000	-8.400864	-0.000930	-0.028201
0.072700	-7.300000	-8.334854	-0.000920	-0.031759
0.072800	-7.200000	-8.266624	-0.000910	-0.035279
0.072900	-7.100000	-8.196318	-0.000899	-0.038759
0.073000	-7.000000	-8.124069	-0.000889	-0.042197
0.073100	-6.900000	-8.050003	-0.000877	-0.045593
0.073200	-6.800000	-7.974235	-0.000866	-0.048946
0.073300	-6.700000	-7.896876	-0.000854	-0.052255
0.073400	-6.600000	-7.818028	-0.000843	-0.055518
0.073500	-6.500000	-7.737787	-0.000830	-0.058735
0.073600	-6.400000	-7.656242	-0.000818	-0.061906
0.073700	-6.300000	-7.573477	-0.000806	-0.065028
0.073800	-6.200000	-7.489571	-0.000793	-0.068103
0.073900	-6.100000	-7.404597	-0.000780	-0.071128
0.074000	-6.000000	-7.318624	-0.000767	-0.074103
0.074100	-5.900000	-7.231716	-0.000754	-0.077029
0.074200	-5.800000	-7.143933	-0.000741	-0.079903
0.074300	-5.700000	-7.055331	-0.000727	-0.082726
0.074400	-5.600000	-6.965964	-0.000714	-0.085497
0.074500	-5.500000	-6.875880	-0.000700	-0.088215
0.074600	-5.400000	-6.785126	-0.000686	-0.090881
0.074700	-5.300000	-6.693744	-0.000672	-0.093493
0.074800	-5.200000	-6.601775	-0.000658	-0.096051
0.074900	-5.100000	-6.509257	-0.000644	-0.098556
0.075000	-5.000000	-6.416225	-0.000630	-0.101006
0.075100	-4.900000	-6.322712	-0.000616	-0.103401
0.075200	-4.800000	-6.228749	-0.000601	-0.105741
0.075300	-4.700000	-6.134365	-0.000587	-0.108026
0.075400	-4.600000	-6.039587	-0.000572	-0.110255
0.075500	-4.500000	-5.944440	-0.000558	-0.112428
0.075600	-4.400000	-5.848948	-0.000543	-0.114545
0.075700	-4.300000	-5.753133	-0.000528	-0.116605
0.075800	-4.200000	-5.657017	-0.000514	-0.118609
0.075900	-4.100000	-5.560617	-0.000499	-0.120556
0.076000	-4.000000	-5.463954	-0.000484	-0.122446
0.076100	-3.900000	-5.367042	-0.000469	-0.124279
0.076200	-3.800000	-5.269900	-0.000454	-0.126054
0.076300	-3.700000	-5.172540	-0.000439	-0.127772
0.076400	-3.600000	-5.074978	-0.000424	-0.129432
0.076500	-3.500000	-4.977226	-0.000409	-0.131034
0.076600	-3.400000	-4.879296	-0.000394	-0.132578
0.076700	-3.300000	-4.781201	-0.000379	-0.134064
0.076800	-3.200000	-4.682950	-0.000364	-0.135492
0.076900	-3.100000	-4.584553	-0.000348	-0.136862
0.077000	-3.000000	-4.486020	-0.000333	-0.138173
0.077100	-2.900000	-4.387360	-0.000318	-0.139425
0.077200	-2.800000	-4.288581	-0.000303	-0.140619
0.077300	-2.700000	-4.189691	-0.000288	-0.141755
0.077400	-2.600000	-4.090696	-0.000272	-0.142831
0.077500	-2.500000	-3.991603	-0.000257	-0.143849
0.077600	-2.400000	-3.892419	-0.000242	-0.144808
0.077700	-2.300000	-3.793150	-0.000226	-0.145708
0.077800	-2.200000	-3.693801	-0.000211	-0.146549
0.077900	-2.100000	-3.594377	-0.000196	-0.147331
0.078000	-2.000000	-3.494882	-0.000180	-0.148054
0.078100	-1.900000	-3.395323	-0.000165	-0.148718
0.078200	-1.800000	-3.295702	-0.000150	-0.149323
0.078300	-1.700000	-3.196024	-0.000134	-0.149868
0.078400	-1.600000	-3.096292	-0.000119	-0.150355
0.078500	-1.500000	-2.996510	-0.000103	-0.150782
0.078600	-1.400000	-2.896681	-0.000088	-0.151151
0.078700	-1.300000	-2.796809	-0.000073	-0.151460
0.078800	-1.200000	-2.696895	-0.000057	-0.151710
0.078900	-1.100000	-2.596943	-0.000042	-0.151901
0.079000	-1.000000	-2.496955	-0.000027	-0.152033
0.079100	-0.900000	-2.396933	-0.000011	-0.152105
0.079200	-0.800000	-2.296880	0.000004	-0.152119
0.079300	-0.700000	-2.196798	0.000020	-0.152073
0.079400	-0.600000	-2.096688	0.000035	-0.151969
0.079500	-0.500000	-1.996553	0.000050	-0.151805
0.079600	-0.400000	-1.896393	0.000066	-0.151583
0.079700	-0.300000	-1.796212	0.000081	-0.151301
0.079800	-0.200000	-1.696009	0.000096	-0.150961
0.079900	-0.100000	-1.595787	0.000111	-0.150562
0.080000	0.000000	-1.495546	0.000127	-0.150104
0.080100	0.100000	-1.395289	0.000142	-0.149587
0.080200	0.200000	-1.295015	0.000157	-0.149011
0.080300	0.300000	-1.194727	0.000172	-0.148377
0.080400	0.400000	-1.094425	0.000188	-0.147685
0.080500	0.500000	-0.994110	0.000203	-0.146933
0.080600	0.600000	-0.893783	0.000218	-0.146124
0.080700	0.700000	-0.793444	0.000233	-0.145256
0.080800	0.800000	-0.693095	0.000248	-0.144329
0.080900	0.900000	-0.592737	0.000264	-0.143345
0.081000	1.000000	-0.492369	0.000279	-0.142302
0.081100	1.100000	-0.391993	0.000294	-0.141201
0.081200	1.200000	-0.291609	0.000309	-0.140043
0.081300	1.300000	-0.191218	0.000324	-0.138826
0.081400	1.400000	-0.090820	0.000339	-0.137551
0.081500	1.500000	0.009585	0.000354	-0.136219
0.081600	1.600000	0.109995	0.000369	-0.134829
0.081700	1.700000	0.210410	0.000384	-0.133382
0.081800	1.800000	0.310831	0.000399	-0.131877
0.081900	1.900000	0.411256	0.000414	-0.130315
0.082000	2.000000	0.511685	0.000428	-0.128696
0.082100	2.100000	0.612118	0.000443	-0.127020
0.082200	2.200000	0.712555	0.000458	-0.125286
0.082300	2.300000	0.812995	0.000473	-0.123496
0.082400	2.400000	0.913439	0.000488	-0.121649
0.082500	2.500000	1.013884	0.000502	-0.119746
0.082600	2.600000	1.114333	0.000517	-0.117786
0.082700	2.700000	1.214784	0.000532	-0.115769
0.082800	2.800000	1.315236	0.000546	-0.113697
0.082900	2.900000	1.415691	0.000561	-0.111568
0.083000	3.000000	1.516147	0.000575	-0.109383
0.083100	3.100000	1.616605	0.000590	-0.107143
0.083200	3.200000	1.717064	0.000604	-0.104846
0.083300	3.300000	1.817524	0.000619	-0.102495
0.083400	3.400000	1.917985	0.000633	-0.100088
0.083500	3.500000	2.018447	0.000647	-0.097625
0.083600	3.600000	2.118910	0.000662	-0.095108
0.083700	3.700000	2.219373	0.000676	-0.092535
0.083800	3.800000	2.319837	0.000690	-0.089908
0.083900	3.900000	2.420301	0.000704	-0.087226
0.084000	4.000000	2.520765	0.000719	-0.084489
0.084100	4.100000	2.621230	0.000733	-0.081699
0.084200	4.200000	2.721694	0.000747	-0.078854
0.084300	4.300000	2.822158	0.000761	-0.075955
0.084400	4.400000	2.922623	0.000775	-0.073002
0.084500	4.500000	3.023086	0.000789	-0.069996
0.084600	4.600000	3.123550	0.000802	-0.066936
0.084700	4.700000	3.224013	0.000816	-0.063823
0.084800	4.800000	3.324476	0.000830	-0.060657
0.084900	4.900000	3.424938	0.000844	-0.057438
0.085000	5.000000	3.525399	0.000858	-0.054166
0.085100	5.100000	3.625860	0.000871	-0.050841
0.085200	5.200000	3.726320	0.000885	-0.047465
0.085300	5.300000	3.826780	0.000898	-0.044036
0.085400	5.400000	3.927238	0.000912	-0.040555
0.085500	5.500000	4.027695	0.000925	-0.037022
0.085600	5.600000	4.128152	0.000939	-0.033438
0.085700	5.700000	4.228607	0.000952	-0.029802
0.085800	5.800000	4.329062	0.000965	-0.026115
0.085900	5.900000	4.429515	0.000978	-0.022377
0.086000	6.000000	4.529967	0.000992	-0.018589
0.086100	6.100000	4.630419	0.001005	-0.014749
0.086200	6.200000	4.730868	0.001018	-0.010860
0.086300	6.300000	4.831317	0.001031	-0.006920
0.086400	6.400000	4.931764	0.001044	-0.002931
0.086500	6.500000	5.032210	0.001057	0.001109
0.086600	6.600000	5.132654	0.001069	0.005198
0.086700	6.700000	5.233097	0.001082	0.009336
0.086800	6.800000	5.333539	0.001095	0.013523
0.086900	6.900000	5.433979	0.001108	0.017759
0.087000	7.000000	5.534418	0.001120	0.022043
0.087100	7.100000	5.634855	0.001133	0.026376
0.087200	7.200000	5.735290	0.001145	0.030757
0.087300	7.300000	5.835724	0.001158	0.035185
0.087400	7.400000	5.936157	0.001170	0.039662
0.087500	7.500000	6.036587	0.001182	0.044186
0.087600	7.600000	6.137016	0.001195	0.048757
0.087700	7.700000	6.237443	0.001207	0.053375
0.087800	7.800000	6.337869	0.001219	0.058039
0.087900	7.900000	6.438293	0.001231	0.062750
0.088000	8.000000	6.538715	0.001243	0.067507
0.088100	8.100000	6.639135	0.001255	0.072310
0.088200	8.200000	6.739553	0.001267	0.077159
0.088300	8.300000	6.839970	0.001278	0.082053
0.088400	8.400000	6.940384	0.001290	0.086992
0.088500	8.500000	7.040797	0.001302	0.091976
0.088600	8.600000	7.141207	0.001313	0.097005
0.088700	8.700000	7.241616	0.001325	0.102078
0.088800	8.800000	7.342023	0.001336	0.107196
0.088900	8.900000	7.442428	0.001348	0.112357
0.089000	9.000000	7.542831	0.001359	0.117561
0.089100	9.100000	7.643232	0.001370	0.122809
0.089200	9.200000	7.743630	0.001381	0.128100
0.089300	9.300000	7.844027	0.001392	0.133434
0.089400	9.400000	7.944422	0.001403	0.138810
0.089500	9.500000	8.044814	0.001414	0.144228
0.089600	9.600000	8.145204	0.001425	0.149689
0.089700	9.700000	8.245593	0.001436	0.155190
0.089800	9.800000	8.345979	0.001447	0.160734
0.089900	9.900000	8.446362	0.001457	0.166318
0.090000	10.000000	8.546744	0.001468	0.171943
0.090100	9.900000	8.640587	0.001477	0.177607
0.090200	9.800000	8.721915	0.001485	0.183305
0.090300	9.700000	8.791533	0.001491	0.189030
0.090400	9.600000	8.850195	0.001496	0.194776
0.090500	9.500000	8.898606	0.001499	0.200536
0.090600	9.400000	8.937426	0.001501	0.206306
0.090700	9.300000	8.967272	0.001502	0.212081
0.090800	9.200000	8.988722	0.001501	0.217855
0.090900	9.100000	9.002316	0.001499	0.223624
0.091000	9.000000	9.008560	0.001496	0.229384
0.091100	8.900000	9.007928	0.001492	0.235132
0.091200	8.800000	9.000860	0.001487	0.240862
0.091300	8.700000	8.987773	0.001482	0.246573
0.091400	8.600000	8.969052	0.001475	0.252259
0.091500	8.500000	8.945062	0.001468	0.257920
0.091600	8.400000	8.916140	0.001460	0.263551
0.091700	8.300000	8.882604	0.001451	0.269149
0.091800	8.200000	8.844751	0.001442	0.274713
0.091900	8.100000	8.802860	0.001432	0.280240
0.092000	8.000000	8.757189	0.001421	0.285727
0.092100	7.900000	8.707982	0.001410	0.291173
0.092200	7.800000	8.655467	0.001399	0.296575
0.092300	7.700000	8.599856	0.001387	0.301932
0.092400	7.600000	8.541348	0.001374	0.307242
0.092500	7.500000	8.480131	0.001361	0.312503
0.092600	7.400000	8.416378	0.001348	0.317713
0.092700	7.300000	8.350252	0.001334	0.322871
0.092800	7.200000	8.281906	0.001320	0.327977
0.092900	7.100000	8.211484	0.001306	0.333027
0.093000	7.000000	8.139117	0.001291	0.338022
0.093100	6.900000	8.064933	0.001276	0.342959
0.093200	6.800000	7.989047	0.001261	0.347838
0.093300	6.700000	7.911568	0.001245	0.352659
0.093400	6.600000	7.832600	0.001230	0.357418
0.093500	6.500000	7.752239	0.001214	0.362117
0.093600	6.400000	7.670573	0.001197	0.366754
0.093700	6.300000	7.587686	0.001181	0.371328
0.093800	6.200000	7.503658	0.001164	0.375838
0.093900	6.100000	7.418561	0.001148	0.380284
0.094000	6.000000	7.332465	0.001131	0.384665
0.094100	5.900000	7.245433	0.001113	0.388981
0.094200	5.800000	7.157526	0.001096	0.393230
0.094300	5.700000	7.068800	0.001079	0.397412
0.094400	5.600000	6.979307	0.001061	0.401526
0.094500	5.500000	6.889097	0.001043	0.405573
0.094600	5.400000	6.798216	0.001025	0.409551
0.094700	5.300000	6.706707	0.001007	0.413459
0.094800	5.200000	6.614611	0.000989	0.417299
0.094900	5.100000	6.521965	0.000971	0.421068
0.095000	5.000000	6.428804	0.000953	0.424768
0.095100	4.900000	6.335162	0.000934	0.428396
0.095200	4.800000	6.241069	0.000916	0.431954
0.095300	4.700000	6.146555	0.000897	0.435440
0.095400	4.600000	6.051646	0.000878	0.438855
0.095500	4.500000	5.956368	0.000860	0.442197
0.095600	4.400000	5.860745	0.000841	0.445467
0.095700	4.300000	5.764798	0.000822	0.448665
0.095800	4.200000	5.668549	0.000803	0.451790
0.095900	4.100000	5.572017	0.000784	0.454841
0.096000	4.000000	5.475220	0.000765	0.457819
0.096100	3.900000	5.378175	0.000746	0.460724
0.096200	3.800000	5.280898	0.000726	0.463555
0.096300	3.700000	5.183404	0.000707	0.466312
0.096400	3.600000	5.085706	0.000688	0.468995
0.096500	3.500000	4.987819	0.000669	0.471603
0.096600	3.400000	4.889753	0.000649	0.474138
0.096700	3.300000	4.791521	0.000630	0.476597
0.096800	3.200000	4.693134	0.000610	0.478981
0.096900	3.100000	4.594600	0.000591	0.481291
0.097000	3.000000	4.495930	0.000571	0.483526
0.097100	2.900000	4.397132	0.000552	0.485685
0.097200	2.800000	4.298215	0.000532	0.487769
0.097300	2.700000	4.199186	0.000512	0.489778
0.097400	2.600000	4.100052	0.000493	0.491711
0.097500	2.500000	4.000821	0.000473	0.493568
0.097600	2.400000	3.901497	0.000453	0.495350
0.097700	2.300000	3.802088	0.000434	0.497056
0.097800	2.200000	3.702598	0.000414	0.498686
0.097900	2.100000	3.603034	0.000394	0.500240
0.098000	2.000000	3.503399	0.000374	0.501719
0.098100	1.900000	3.403698	0.000355	0.503121
0.098200	1.800000	3.303936	0.000335	0.504447
0.098300	1.700000	3.204116	0.000315	0.505697
0.098400	1.600000	3.104242	0.000295	0.506871
0.098500	1.500000	3.004318	0.000276	0.507969
0.098600	1.400000	2.904347	0.000256	0.508991
0.098700	1.300000	2.804331	0.000236	0.509936
0.098800	1.200000	2.704275	0.000216	0.510805
0.098900	1.100000	2.604179	0.000196	0.511598
0.099000	1.000000	2.504048	0.000176	0.512314
0.099100	0.900000	2.403882	0.000157	0.512955
0.099200	0.800000	2.303685	0.000137	0.513519
0.099300	0.700000	2.203459	0.000117	0.514006
0.099400	0.600000	2.103205	0.000097	0.514418
0.099500	0.500000	2.002925	0.000077	0.514753
0.099600	0.400000	1.902620	0.000057	0.515013
0.099700	0.300000	1.802294	0.000038	0.515196
0.099800	0.200000	1.701946	0.000018	0.515302
0.099900	0.100000	1.601578	-0.000002	0.515333
0.100000	-0.000000	1.501192	-0.000022	0.515288
0.100100	-0.100000	1.400789	-0.000041	0.515167
0.100200	-0.200000	1.300369	-0.000061	0.514969
0.100300	-0.300000	1.199935	-0.000081	0.514696
0.100400	-0.400000	1.099487	-0.000101	0.514347
0.100500	-0.500000	0.999025	-0.000120	0.513922
0.100600	-0.600000	0.898552	-0.000140	0.513421
0.100700	-0.700000	0.798067	-0.000160	0.512845
0.100800	-0.800000	0.697571	-0.000179	0.512193
0.100900	-0.900000	0.597066	-0.000199	0.511466
0.101000	-1.000000	0.496551	-0.000219	0.510663
0.101100	-1.100000	0.396028	-0.000238	0.509785
0.101200	-1.200000	0.295497	-0.000258	0.508831
0.101300	-1.300000	0.194959	-0.000277	0.507802
0.101400	-1.400000	0.094413	-0.000297	0.506698
0.101500	-1.500000	-0.006138	-0.000316	0.505520
0.101600	-1.600000	-0.106696	-0.000336	0.504266
0.101700	-1.700000	-0.207259	-0.000355	0.502937
0.101800	-1.800000	-0.307827	-0.000375	0.501534
0.101900	-1.900000	-0.408399	-0.000394	0.500056
0.102000	-2.000000	-0.508976	-0.000413	0.498504
0.102100	-2.100000	-0.609557	-0.000433	0.496877
0.102200	-2.200000	-0.710142	-0.000452	0.495177
0.102300	-2.300000	-0.810729	-0.000471	0.493402
0.102400	-2.400000	-0.911320	-0.000490	0.491553
0.102500	-2.500000	-1.011914	-0.000509	0.489630
0.102600	-2.600000	-1.112510	-0.000529	0.487634
0.102700	-2.700000	-1.213108	-0.000548	0.485564
0.102800	-2.800000	-1.313709	-0.000567	0.483420
0.102900	-2.900000	-1.414311	-0.000586	0.481204
0.103000	-3.000000	-1.514915	-0.000605	0.478914
0.103100	-3.100000	-1.615520	-0.000624	0.476551
0.103200	-3.200000	-1.716126	-0.000643	0.474116
0.103300	-3.300000	-1.816734	-0.000662	0.471608
0.103400	-3.400000	-1.917343	-0.000680	0.469027
0.103500	-3.500000	-2.017952	-0.000699	0.466374
0.103600	-3.600000	-2.118562	-0.000718	0.463649
0.103700	-3.700000	-2.219172	-0.000737	0.460852
0.103800	-3.800000	-2.319783	-0.000755	0.457983
0.103900	-3.900000	-2.420394	-0.000774	0.455043
0.104000	-4.000000	-2.521005	-0.000792	0.452031
0.104100	-4.100000	-2.621616	-0.000811	0.448948
0.104200	-4.200000	-2.722227	-0.000829	0.445794
0.104300	-4.300000	-2.822838	-0.000848	0.442569
0.104400	-4.400000	-2.923448	-0.000866	0.439273
0.104500	-4.500000	-3.024059	-0.000884	0.435907
0.104600	-4.600000	-3.124668	-0.000903	0.432471
0.104700	-4.700000	-3.225277	-0.000921	0.428964
0.104800	-4.800000	-3.325886	-0.000939	0.425388
0.104900	-4.900000	-3.426494	-0.000957	0.421742
0.105000	-5.000000	-3.527100	-0.000975	0.418027
0.105100	-5.100000	-3.627707	-0.000993	0.414243
0.105200	-5.200000	-3.728312	-0.001011	0.410389
0.105300	-5.300000	-3.828916	-0.001029	0.406467
0.105400	-5.400000	-3.929519	-0.001046	0.402476
0.105500	-5.500000	-4.030121	-0.001064	0.398417
0.105600	-5.600000	-4.130722	-0.001082	0.394290
0.105700	-5.700000	-4.231321	-0.001099	0.390095
0.105800	-5.800000	-4.331920	-0.001117	0.385833
0.105900	-5.900000	-4.432517	-0.001134	0.381503
0.106000	-6.000000	-4.533112	-0.001152	0.377106
0.106100	-6.100000	-4.633707	-0.001169	0.372643
0.106200	-6.200000	-4.734299	-0.001187	0.368112
0.106300	-6.300000	-4.834891	-0.001204	0.363516
0.106400	-6.400000	-4.935480	-0.001221	0.358853
0.106500	-6.500000	-5.036068	-0.001238	0.354124
0.106600	-6.600000	-5.136654	-0.001255	0.349330
0.106700	-6.700000	-5.237239	-0.001272	0.344471
0.106800	-6.800000	-5.337822	-0.001289	0.339547
0.106900	-6.900000	-5.438403	-0.001306	0.334557
0.107000	-7.000000	-5.538983	-0.001322	0.329504
0.107100	-7.100000	-5.639560	-0.001339	0.324386
0.107200	-7.200000	-5.740136	-0.001356	0.319204
0.107300	-7.300000	-5.840709	-0.001372	0.313959
0.107400	-7.400000	-5.941281	-0.001388	0.308650
0.107500	-7.500000	-6.041851	-0.001405	0.303279
0.107600	-7.600000	-6.142419	-0.001421	0.297844
0.107700	-7.700000	-6.242984	-0.001437	0.292347
0.107800	-7.800000	-6.343548	-0.001453	0.286788
0.107900	-7.900000	-6.444109	-0.001469	0.281167
0.108000	-8.000000	-6.544669	-0.001485	0.275484
0.108100	-8.100000	-6.645226	-0.001501	0.269741
0.108200	-8.200000	-6.745781	-0.001517	0.263936
0.108300	-8.300000	-6.846333	-0.001533	0.258070
0.108400	-8.400000	-6.946884	-0.001549	0.252145
0.108500	-8.500000	-7.047432	-0.001564	0.246159
0.108600	-8.600000	-7.147978	-0.001580	0.240113
0.108700	-8.700000	-7.248521	-0.001595	0.234009
0.108800	-8.800000	-7.349062	-0.001610	0.227845
0.108900	-8.900000	-7.449601	-0.001625	0.221622
0.109000	-9.000000	-7.550137	-0.001641	0.215341
0.109100	-9.100000	-7.650671	-0.001656	0.209002
0.109200	-9.200000	-7.751202	-0.001671	0.202605
0.109300	-9.300000	-7.851731	-0.001686	0.196151
0.109400	-9.400000	-7.952257	-0.001700	0.189640
0.109500	-9.500000	-8.052781	-0.001715	0.183072
0.109600	-9.600000	-8.153302	-0.001730	0.176447
0.109700	-9.700000	-8.253820	-0.001744	0.169767
0.109800	-9.800000	-8.354336	-0.001759	0.163031
0.109900	-9.900000	-8.454849	-0.001773	0.156239
0.110000	-10.000000	-8.555360	-0.001787	0.149393
0.110100	-9.900000	-8.649332	-0.001800	0.142493
0.110200	-9.800000	-8.730787	-0.001812	0.135546
0.110300	-9.700000	-8.800533	-0.001822	0.128557
0.110400	-9.600000	-8.859321	-0.001830	0.121534
0.110500	-9.500000	-8.907859	-0.001837	0.114482
0.110600	-9.400000	-8.946804	-0.001842	0.107407
0.110700	-9.300000	-8.976776	-0.001846	0.100313
0.110800	-9.200000	-8.998351	-0.001849	0.093207
0.110900	-9.100000	-9.012069	-0.001851	0.086091
0.111000	-9.000000	-9.018437	-0.001851	0.078971
0.111100	-8.900000	-9.017928	-0.001851	0.071851
0.111200	-8.800000	-9.010983	-0.001850	0.064734
0.111300	-8.700000	-8.998018	-0.001847	0.057623
0.111400	-8.600000	-8.979419	-0.001844	0.050523
0.111500	-8.500000	-8.955549	-0.001840	0.043437
0.111600	-8.400000	-8.926748	-0.001836	0.036367
0.111700	-8.300000	-8.893332	-0.001831	0.029316
0.111800	-8.200000	-8.855598	-0.001825	0.022287
0.111900	-8.100000	-8.813825	-0.001818	0.015282
0.112000	-8.000000	-8.768273	-0.001811	0.008304
0.112100	-7.900000	-8.719183	-0.001803	0.001354
0.112200	-7.800000	-8.666785	-0.001795	-0.005564
0.112300	-7.700000	-8.611290	-0.001786	-0.012450
0.112400	-7.600000	-8.552898	-0.001777	-0.019301
0.112500	-7.500000	-8.491796	-0.001767	-0.026115
0.112600	-7.400000	-8.428157	-0.001757	-0.032891
0.112700	-7.300000	-8.362145	-0.001746	-0.039627
0.112800	-7.200000	-8.293913	-0.001735	-0.046323
0.112900	-7.100000	-8.223603	-0.001724	-0.052975
0.113000	-7.000000	-8.151349	-0.001712	-0.059584
0.113100	-6.900000	-8.077275	-0.001701	-0.066148
0.113200	-6.800000	-8.001500	-0.001688	-0.072665
0.113300	-6.700000	-7.924132	-0.001676	-0.079135
0.113400	-6.600000	-7.845273	-0.001663	-0.085556
0.113500	-6.500000	-7.765020	-0.001650	-0.091927
0.113600	-6.400000	-7.683462	-0.001637	-0.098249
0.113700	-6.300000	-7.600683	-0.001623	-0.104518
0.113800	-6.200000	-7.516761	-0.001610	-0.110736
0.113900	-6.100000	-7.431771	-0.001596	-0.116900
0.114000	-6.000000	-7.345780	-0.001582	-0.123010
0.114100	-5.900000	-7.258852	-0.001567	-0.129065
0.114200	-5.800000	-7.171049	-0.001553	-0.135066
0.114300	-5.700000	-7.082426	-0.001538	-0.141010
0.114400	-5.600000	-6.993036	-0.001523	-0.146897
0.114500	-5.500000	-6.902928	-0.001508	-0.152727
0.114600	-5.400000	-6.812148	-0.001493	-0.158499
0.114700	-5.300000	-6.720739	-0.001478	-0.164213
0.114800	-5.200000	-6.628743	-0.001462	-0.169867
0.114900	-5.100000	-6.536195	-0.001447	-0.175462
0.115000	-5.000000	-6.443133	-0.001431	-0.180997
0.115100	-4.900000	-6.349588	-0.001415	-0.186471
0.115200	-4.800000	-6.255592	-0.001399	-0.191884
0.115300	-4.700000	-6.161174	-0.001383	-0.197236
0.115400	-4.600000	-6.066360	-0.001367	-0.202526
0.115500	-4.500000	-5.971177	-0.001351	-0.207754
0.115600	-4.400000	-5.875647	-0.001335	-0.212919
0.115700	-4.300000	-5.779794	-0.001318	-0.218021
0.115800	-4.200000	-5.683637	-0.001302	-0.223059
0.115900	-4.100000	-5.587196	-0.001285	-0.228034
0.116000	-4.000000	-5.490490	-0.001268	-0.232945
0.116100	-3.900000	-5.393535	-0.001252	-0.237792
0.116200	-3.800000	-5.296347	-0.001235	-0.242574
0.116300	-3.700000	-5.198941	-0.001218	-0.247290
0.116400	-3.600000	-5.101331	-0.001201	-0.251942
0.116500	-3.500000	-5.003531	-0.001184	-0.256528
0.116600	-3.400000	-4.905551	-0.001167	-0.261048
0.116700	-3.300000	-4.807405	-0.001149	-0.265502
0.116800	-3.200000	-4.709101	-0.001132	-0.269890
0.116900	-3.100000	-4.610651	-0.001115	-0.274212
0.117000	-3.000000	-4.512064	-0.001097	-0.278466
0.117100	-2.900000	-4.413348	-0.001080	-0.282654
0.117200	-2.800000	-4.314512	-0.001063	-0.286774
0.117300	-2.700000	-4.215564	-0.001045	-0.290827
0.117400	-2.600000	-4.116510	-0.001027	-0.294813
0.117500	-2.500000	-4.017357	-0.001010	-0.298730
0.117600	-2.400000	-3.918111	-0.000992	-0.302580
0.117700	-2.300000	-3.818779	-0.000974	-0.306361
0.117800	-2.200000	-3.719366	-0.000956	-0.310074
0.117900	-2.100000	-3.619877	-0.000939	-0.313719
0.118000	-2.000000	-3.520317	-0.000921	-0.317294
0.118100	-1.900000	-3.420690	-0.000903	-0.320801
0.118200	-1.800000	-3.321000	-0.000885	-0.324240
0.118300	-1.700000	-3.221253	-0.000867	-0.327608
0.118400	-1.600000	-3.121450	-0.000849	-0.330908
0.118500	-1.500000	-3.021596	-0.000831	-0.334138
0.118600	-1.400000	-2.921695	-0.000813	-0.337299
0.118700	-1.300000	-2.821748	-0.000795	-0.340390
0.118800	-1.200000	-2.721759	-0.000776	-0.343411
0.118900	-1.100000	-2.621731	-0.000758	-0.346363
0.119000	-1.000000	-2.521665	-0.000740	-0.349244
0.119100	-0.900000	-2.421565	-0.000722	-0.352055
0.119200	-0.800000	-2.321433	-0.000704	-0.354797
0.119300	-0.700000	-2.221270	-0.000685	-0.357467
0.119400	-0.600000	-2.121078	-0.000667	-0.360068
0.119500	-0.500000	-2.020860	-0.000649	-0.362598
0.119600	-0.400000	-1.920617	-0.000630	-0.365057
0.119700	-0.300000	-1.820350	-0.000612	-0.367446
0.119800	-0.200000	-1.720061	-0.000593	-0.369764
0.119900	-0.100000	-1.619752	-0.000575	-0.372011
0.120000	0.000000	-1.519423	-0.000557	-0.374187
0.120100	0.100000	-1.419077	-0.000538	-0.376292
0.120200	0.200000	-1.318713	-0.000520	-0.378327
0.120300	0.300000	-1.218333	-0.000501	-0.380290
0.120400	0.400000	-1.117939	-0.000483	-0.382182
0.120500	0.500000	-1.017530	-0.000464	-0.384003
0.120600	0.600000	-0.917109	-0.000446	-0.385753
0.120700	0.700000	-0.816675	-0.000427	-0.387432
0.120800	0.800000	-0.716230	-0.000409	-0.389040
0.120900	0.900000	-0.615774	-0.000390	-0.390576
0.121000	1.000000	-0.515308	-0.000372	-0.392041
0.121100	1.100000	-0.414832	-0.000353	-0.393434
0.121200	1.200000	-0.314348	-0.000334	-0.394756
0.121300	1.300000	-0.213855	-0.000316	-0.396007
0.121400	1.400000	-0.113354	-0.000297	-0.397186
0.121500	1.500000	-0.012847	-0.000279	-0.398294
0.121600	1.600000	0.087668	-0.000260	-0.399330
0.121700	1.700000	0.188189	-0.000242	-0.400295
0.121800	1.800000	0.288716	-0.000223	-0.401189
0.121900	1.900000	0.389248	-0.000204	-0.402011
0.122000	2.000000	0.489786	-0.000186	-0.402762
0.122100	2.100000	0.590328	-0.000167	-0.403441
0.122200	2.200000	0.690875	-0.000149	-0.404049
0.122300	2.300000	0.791426	-0.000130	-0.404586
0.122400	2.400000	0.891981	-0.000112	-0.405051
0.122500	2.500000	0.992540	-0.000093	-0.405445
0.122600	2.600000	1.093102	-0.000075	-0.405767
0.122700	2.700000	1.193668	-0.000056	-0.406019
0.122800	2.800000	1.294236	-0.000038	-0.406199
0.122900	2.900000	1.394807	-0.000019	-0.406308
0.123000	3.000000	1.495381	-0.000001	-0.406345
0.123100	3.100000	1.595957	0.000018	-0.406312
0.123200	3.200000	1.696536	0.000036	-0.406207
0.123300	3.300000	1.797116	0.000055	-0.406032
0.123400	3.400000	1.897698	0.000073	-0.405785
0.123500	3.500000	1.998282	0.000092	-0.405468
0.123600	3.600000	2.098867	0.000110	-0.405079
0.123700	3.700000	2.199454	0.000129	-0.404620
0.123800	3.800000	2.300042	0.000147	-0.404090
0.123900	3.900000	2.400631	0.000165	-0.403490
0.124000	4.000000	2.501222	0.000184	-0.402819
0.124100	4.100000	2.601813	0.000202	-0.402077
0.124200	4.200000	2.702405	0.000220	-0.401265
0.124300	4.300000	2.802998	0.000239	-0.400383
0.124400	4.400000	2.903591	0.000257	-0.399431
0.124500	4.500000	3.004185	0.000275	-0.398408
0.124600	4.600000	3.104780	0.000293	-0.397315
0.124700	4.700000	3.205375	0.000311	-0.396153
0.124800	4.800000	3.305970	0.000330	-0.394920
0.124900	4.900000	3.406565	0.000348	-0.393618
0.125000	5.000000	3.507161	0.000366	-0.392246
0.125100	5.100000	3.607756	0.000384	-0.390804
0.125200	5.200000	3.708352	0.000402	-0.389293
0.125300	5.300000	3.808947	0.000420	-0.387713
0.125400	5.400000	3.909543	0.000438	-0.386063
0.125500	5.500000	4.010138	0.000456	-0.384345
0.125600	5.600000	4.110733	0.000474	-0.382557
0.125700	5.700000	4.211328	0.000492	-0.380701
0.125800	5.800000	4.311922	0.000509	-0.378776
0.125900	5.900000	4.412516	0.000527	-0.376782
0.126000	6.000000	4.513110	0.000545	-0.374720
0.126100	6.100000	4.613703	0.000563	-0.372590
0.126200	6.200000	4.714295	0.000580	-0.370392
0.126300	6.300000	4.814887	0.000598	-0.368125
0.126400	6.400000	4.915478	0.000616	-0.365791
0.126500	6.500000	5.016069	0.000633	-0.363389
0.126600	6.600000	5.116659	0.000651	-0.360920
0.126700	6.700000	5.217248	0.000668	-0.358383
0.126800	6.800000	5.317836	0.000686	-0.355779
0.126900	6.900000	5.418423	0.000703	-0.353108
0.127000	7.000000	5.519010	0.000721	-0.350370
0.127100	7.100000	5.619595	0.000738	-0.347565
0.127200	7.200000	5.720180	0.000755	-0.344694
0.127300	7.300000	5.820764	0.000772	-0.341757
0.127400	7.400000	5.921346	0.000790	-0.338753
0.127500	7.500000	6.021928	0.000807	-0.335684
0.127600	7.600000	6.122508	0.000824	-0.332548
0.127700	7.700000	6.223088	0.000841	-0.329347
0.127800	7.800000	6.323666	0.000858	-0.326081
0.127900	7.900000	6.424243	0.000875	-0.322749
0.128000	8.000000	6.524818	0.000892	-0.319353
0.128100	8.100000	6.625393	0.000908	-0.315891
0.128200	8.200000	6.725966	0.000925	-0.312365
0.128300	8.300000	6.826538	0.000942	-0.308774
0.128400	8.400000	6.927108	0.000959	-0.305120
0.128500	8.500000	7.027677	0.000975	-0.301401
0.128600	8.600000	7.128245	0.000992	-0.297619
0.128700	8.700000	7.228811	0.001008	-0.293773
0.128800	8.800000	7.329376	0.001025	-0.289863
0.128900	8.900000	7.429939	0.001041	-0.285891
0.129000	9.000000	7.530501	0.001057	-0.281856
0.129100	9.100000	7.631061	0.001074	-0.277758
0.129200	9.200000	7.731620	0.001090	-0.273597
0.129300	9.300000	7.832176	0.001106	-0.269375
0.129400	9.400000	7.932732	0.001122	-0.265090
0.129500	9.500000	8.033285	0.001138	-0.260744
0.129600	9.600000	8.133837	0.001154	-0.256336
0.129700	9.700000	8.234387	0.001170	-0.251867
0.129800	9.800000	8.334936	0.001186	-0.247338
0.129900	9.900000	8.435482	0.001201	-0.242747
0.130000	10.000000	8.536027	0.001217	-0.238096
0.130100	9.900000	8.630034	0.001232	-0.233386
0.130200	9.800000	8.711526	0.001245	-0.228623
0.130300	9.700000	8.781308	0.001256	-0.223813
0.130400	9.600000	8.840135	0.001266	-0.218962
0.130500	9.500000	8.888711	0.001274	-0.214076
0.130600	9.400000	8.927696	0.001281	-0.209162
0.130700	9.300000	8.957708	0.001287	-0.204222
0.130800	9.200000	8.979324	0.001291	-0.199264
0.130900	9.100000	8.993085	0.001295	-0.194290
0.131000	9.000000	8.999496	0.001297	-0.189305
0.131100	8.900000	8.999030	0.001298	-0.184313
0.131200	8.800000	8.992130	0.001299	-0.179318
0.131300	8.700000	8.979210	0.001298	-0.174323
0.131400	8.600000	8.960658	0.001297	-0.169332
0.131500	8.500000	8.936835	0.001295	-0.164346
0.131600	8.400000	8.908082	0.001292	-0.159371
0.131700	8.300000	8.874715	0.001289	-0.154407
0.131800	8.200000	8.837031	0.001285	-0.149458
0.131900	8.100000	8.795309	0.001280	-0.144526
0.132000	8.000000	8.749807	0.001275	-0.139614
0.132100	7.900000	8.700770	0.001269	-0.134722
0.132200	7.800000	8.648425	0.001262	-0.129854
0.132300	7.700000	8.592984	0.001256	-0.125011
0.132400	7.600000	8.534647	0.001248	-0.120196
0.132500	7.500000	8.473600	0.001241	-0.115409
0.132600	7.400000	8.410018	0.001233	-0.110652
0.132700	7.300000	8.344063	0.001224	-0.105926
0.132800	7.200000	8.275889	0.001216	-0.101234
0.132900	7.100000	8.205637	0.001206	-0.096577
0.133000	7.000000	8.133443	0.001197	-0.091954
0.133100	6.900000	8.059429	0.001187	-0.087369
0.133200	6.800000	7.983715	0.001177	-0.082822
0.133300	6.700000	7.906409	0.001167	-0.078313
0.133400	6.600000	7.827613	0.001157	-0.073845
0.133500	6.500000	7.747423	0.001146	-0.069417
0.133600	6.400000	7.665929	0.001135	-0.065031
0.133700	6.300000	7.583215	0.001124	-0.060688
0.133800	6.200000	7.499360	0.001112	-0.056388
0.133900	6.100000	7.414435	0.001101	-0.052132
0.134000	6.000000	7.328512	0.001089	-0.047921
0.134100	5.900000	7.241652	0.001077	-0.043755
0.134200	5.800000	7.153918	0.001065	-0.039636
0.134300	5.700000	7.065364	0.001053	-0.035563
0.134400	5.600000	6.976045	0.001040	-0.031538
0.134500	5.500000	6.886008	0.001028	-0.027560
0.134600	5.400000	6.795300	0.001015	-0.023631
0.134700	5.300000	6.703964	0.001003	-0.019750
0.134800	5.200000	6.612040	0.000990	-0.015919
0.134900	5.100000	6.519567	0.000977	-0.012137
0.135000	5.000000	6.426579	0.000964	-0.008406
0.135100	4.900000	6.333110	0.000950	-0.004725
0.135200	4.800000	6.239190	0.000937	-0.001095
0.135300	4.700000	6.144849	0.000924	0.002484
0.135400	4.600000	6.050113	0.000910	0.006011
0.135500	4.500000	5.955008	0.000897	0.009486
0.135600	4.400000	5.859557	0.000883	0.012909
0.135700	4.300000	5.763783	0.000869	0.016279
0.135800	4.200000	5.667706	0.000856	0.019596
0.135900	4.100000	5.571347	0.000842	0.022860
0.136000	4.000000	5.474722	0.000828	0.026071
0.136100	3.900000	5.377849	0.000814	0.029229
0.136200	3.800000	5.280745	0.000800	0.032332
0.136300	3.700000	5.183423	0.000786	0.035381
0.136400	3.600000	5.085897	0.000772	0.038377
0.136500	3.500000	4.988182	0.000757	0.041317
0.136600	3.400000	4.890288	0.000743	0.044203
0.136700	3.300000	4.792228	0.000729	0.047034
0.136800	3.200000	4.694012	0.000715	0.049810
0.136900	3.100000	4.595650	0.000700	0.052531
0.137000	3.000000	4.497151	0.000686	0.055196
0.137100	2.900000	4.398524	0.000671	0.057806
0.137200	2.800000	4.299778	0.000657	0.060360
0.137300	2.700000	4.200919	0.000642	0.062858
0.137400	2.600000	4.101956	0.000628	0.065300
0.137500	2.500000	4.002894	0.000613	0.067686
0.137600	2.400000	3.903741	0.000598	0.070016
0.137700	2.300000	3.804502	0.000584	0.072290
0.137800	2.200000	3.705182	0.000569	0.074507
0.137900	2.100000	3.605787	0.000554	0.076667
0.138000	2.000000	3.506321	0.000540	0.078771
0.138100	1.900000	3.406789	0.000525	0.080818
0.138200	1.800000	3.307195	0.000510	0.082809
0.138300	1.700000	3.207544	0.000495	0.084742
0.138400	1.600000	3.107838	0.000480	0.086618
0.138500	1.500000	3.008082	0.000466	0.088437
0.138600	1.400000	2.908278	0.000451	0.090200
0.138700	1.300000	2.808430	0.000436	0.091904
0.138800	1.200000	2.708540	0.000421	0.093552
0.138900	1.100000	2.608611	0.000406	0.095142
0.139000	1.000000	2.508646	0.000391	0.096675
0.139100	0.900000	2.408647	0.000376	0.098150
0.139200	0.800000	2.308615	0.000361	0.099568
0.139300	0.700000	2.208554	0.000346	0.100928
0.139400	0.600000	2.108465	0.000331	0.102231
0.139500	0.500000	2.008349	0.000316	0.103476
0.139600	0.400000	1.908209	0.000301	0.104663
0.139700	0.300000	1.808047	0.000286	0.105793
0.139800	0.200000	1.707862	0.000271	0.106865
0.139900	0.100000	1.607658	0.000256	0.107879
0.140000	-0.000000	1.507434	0.000241	0.108836
0.140100	-0.100000	1.407193	0.000226	0.109735
0.140200	-0.200000	1.306936	0.000211	0.110575
0.140300	-0.300000	1.206663	0.000196	0.111359
0.140400	-0.400000	1.106376	0.000181	0.112084
0.140500	-0.500000	1.006075	0.000166	0.112751
0.140600	-0.600000	0.905762	0.000151	0.113361
0.140700	-0.700000	0.805437	0.000136	0.113913
0.140800	-0.800000	0.705100	0.000121	0.114407
0.140900	-0.900000	0.604754	0.000106	0.114844
0.141000	-1.000000	0.504398	0.000091	0.115222
0.141100	-1.100000	0.404033	0.000076	0.115543
0.141200	-1.200000	0.303659	0.000061	0.115806
0.141300	-1.300000	0.203278	0.000046	0.116012
0.141400	-1.400000	0.102889	0.000031	0.116159
0.141500	-1.500000	0.002493	0.000016	0.116250
0.141600	-1.600000	-0.097909	0.000001	0.116282
0.141700	-1.700000	-0.198317	-0.000014	0.116257
0.141800	-1.800000	-0.298730	-0.000029	0.116174
0.141900	-1.900000	-0.399149	-0.000044	0.116034
0.142000	-2.000000	-0.499573	-0.000059	0.115836
0.142100	-2.100000	-0.600001	-0.000074	0.115581
0.142200	-2.200000	-0.700433	-0.000089	0.115269
0.142300	-2.300000	-0.800869	-0.000104	0.114899
0.142400	-2.400000	-0.901308	-0.000118	0.114472
0.142500	-2.500000	-1.001751	-0.000133	0.113987
0.142600	-2.600000	-1.102197	-0.000148	0.113446
0.142700	-2.700000	-1.202646	-0.000163	0.112847
0.142800	-2.800000	-1.303098	-0.000178	0.112191
0.142900	-2.900000	-1.403551	-0.000193	0.111479
0.143000	-3.000000	-1.504008	-0.000207	0.110709
0.143100	-3.100000	-1.604466	-0.000222	0.109883
0.143200	-3.200000	-1.704926	-0.000237	0.109000
0.143300	-3.300000	-1.805387	-0.000252	0.108060
0.143400	-3.400000	-1.905851	-0.000266	0.107064
0.143500	-3.500000	-2.006315	-0.000281	0.106011
0.143600	-3.600000	-2.106781	-0.000296	0.104901
0.143700	-3.700000	-2.207248	-0.000310	0.103736
0.143800	-3.800000	-2.307716	-0.000325	0.102514
0.143900	-3.900000	-2.408185	-0.000340	0.101236
0.144000	-4.000000	-2.508655	-0.000354	0.099901
0.144100	-4.100000	-2.609125	-0.000369	0.098511
0.144200	-4.200000	-2.709596	-0.000383	0.097065
0.144300	-4.300000	-2.810068	-0.000398	0.095564
0.144400	-4.400000	-2.910540	-0.000412	0.094006
0.144500	-4.500000	-3.011012	-0.000427	0.092393
0.144600	-4.600000	-3.111484	-0.000441	0.090725
0.144700	-4.700000	-3.211957	-0.000455	0.089001
0.144800	-4.800000	-3.312429	-0.000470	0.087222
0.144900	-4.900000	-3.412902	-0.000484	0.085388
0.145000	-5.000000	-3.513374	-0.000498	0.083499
0.145100	-5.100000	-3.613847	-0.000513	0.081555
0.145200	-5.200000	-3.714319	-0.000527	0.079557
0.145300	-5.300000	-3.814791	-0.000541	0.077504
0.145400	-5.400000	-3.915263	-0.000555	0.075396
0.145500	-5.500000	-4.015734	-0.000569	0.073235
0.145600	-5.600000	-4.116205	-0.000583	0.071019
0.145700	-5.700000	-4.216675	-0.000597	0.068748
0.145800	-5.800000	-4.317145	-0.000611	0.066425
0.145900	-5.900000	-4.417614	-0.000625	0.064047
0.146000	-6.000000	-4.518083	-0.000639	0.061615
0.146100	-6.100000	-4.618551	-0.000653	0.059131
0.146200	-6.200000	-4.719019	-0.000667	0.056593
0.146300	-6.300000	-4.819485	-0.000681	0.054001
0.146400	-6.400000	-4.919951	-0.000694	0.051357
0.146500	-6.500000	-5.020416	-0.000708	0.048660
0.146600	-6.600000	-5.120880	-0.000722	0.045910
0.146700	-6.700000	-5.221344	-0.000735	0.043108
0.146800	-6.800000	-5.321806	-0.000749	0.040253
0.146900	-6.900000	-5.422268	-0.000763	0.037346
0.147000	-7.000000	-5.522728	-0.000776	0.034387
0.147100	-7.100000	-5.623188	-0.000790	0.031377
0.147200	-7.200000	-5.723646	-0.000803	0.028314
0.147300	-7.300000	-5.824103	-0.000816	0.025200
0.147400	-7.400000	-5.924560	-0.000830	0.022035
0.147500	-7.500000	-6.025015	-0.000843	0.018819
0.147600	-7.600000	-6.125469	-0.000856	0.015552
0.147700	-7.700000	-6.225922	-0.000869	0.012233
0.147800	-7.800000	-6.326373	-0.000882	0.008865
0.147900	-7.900000	-6.426824	-0.000895	0.005446
0.148000	-8.000000	-6.527273	-0.000909	0.001977
0.148100	-8.100000	-6.627720	-0.000921	-0.001543
0.148200	-8.200000	-6.728167	-0.000934	-0.005112
0.148300	-8.300000	-6.828612	-0.000947	-0.008730
0.148400	-8.400000	-6.929056	-0.000960	-0.012398
0.148500	-8.500000	-7.029498	-0.000973	-0.016116
0.148600	-8.600000	-7.129939	-0.000986	-0.019882
0.148700	-8.700000	-7.230378	-0.000998	-0.023697
0.148800	-8.800000	-7.330816	-0.001011	-0.027561
0.148900	-8.900000	-7.431253	-0.001023	-0.031472
0.149000	-9.000000	-7.531688	-0.001036	-0.035433
0.149100	-9.100000	-7.632121	-0.001048	-0.039441
0.149200	-9.200000	-7.732553	-0.001061	-0.043496
0.149300	-9.300000	-7.832983	-0.001073	-0.047600
0.149400	-9.400000	-7.933412	-0.001085	-0.051750
0.149500	-9.500000	-8.033839	-0.001097	-0.055948
0.149600	-9.600000	-8.134265	-0.001110	-0.060192
0.149700	-9.700000	-8.234689	-0.001122	-0.064483
0.149800	-9.800000	-8.335111	-0.001134	-0.068821
0.149900	-9.900000	-8.435531	-0.001146	-0.073204
0.150000	-10.000000	-8.535950	-0.001158	-0.077634
0.150100	-9.900000	-8.629831	-0.001169	-0.082108
0.150200	-9.800000	-8.711196	-0.001178	-0.086620
0.150300	-9.700000	-8.780853	-0.001185	-0.091165
0.150400	-9.600000	-8.839554	-0.001191	-0.095736
0.150500	-9.500000	-8.888004	-0.001196	-0.100327
0.150600	-9.400000	-8.926864	-0.001199	-0.104934
0.150700	-9.300000	-8.956750	-0.001201	-0.109550
0.150800	-9.200000	-8.978241	-0.001202	-0.114171
0.150900	-9.100000	-8.991877	-0.001202	-0.118794
0.151000	-9.000000	-8.998163	-0.001200	-0.123412
0.151100	-8.900000	-8.997572	-0.001198	-0.128024
0.151200	-8.800000	-8.990547	-0.001194	-0.132624
0.151300	-8.700000	-8.977503	-0.001190	-0.137210
0.151400	-8.600000	-8.958826	-0.001185	-0.141779
0.151500	-8.500000	-8.934879	-0.001179	-0.146326
0.151600	-8.400000	-8.906002	-0.001173	-0.150851
0.151700	-8.300000	-8.872511	-0.001166	-0.155349
0.151800	-8.200000	-8.834704	-0.001158	-0.159818
0.151900	-8.100000	-8.792858	-0.001150	-0.164256
0.152000	-8.000000	-8.747233	-0.001141	-0.168661
0.152100	-7.900000	-8.698073	-0.001131	-0.173030
0.152200	-7.800000	-8.645605	-0.001121	-0.177363
0.152300	-7.700000	-8.590041	-0.001111	-0.181656
0.152400	-7.600000	-8.531582	-0.001100	-0.185908
0.152500	-7.500000	-8.470413	-0.001089	-0.190117
0.152600	-7.400000	-8.406708	-0.001077	-0.194283
0.152700	-7.300000	-8.340632	-0.001065	-0.198403
0.152800	-7.200000	-8.272336	-0.001053	-0.202476
0.152900	-7.100000	-8.201963	-0.001040	-0.206501
0.153000	-7.000000	-8.129647	-0.001027	-0.210477
0.153100	-6.900000	-8.055513	-0.001014	-0.214402
0.153200	-6.800000	-7.979678	-0.001000	-0.218276
0.153300	-6.700000	-7.902252	-0.000987	-0.222097
0.153400	-6.600000	-7.823336	-0.000973	-0.225865
0.153500	-6.500000	-7.743027	-0.000958	-0.229579
0.153600	-6.400000	-7.661413	-0.000944	-0.233237
0.153700	-6.300000	-7.578580	-0.000929	-0.236839
0.153800	-6.200000	-7.494606	-0.000914	-0.240385
0.153900	-6.100000	-7.409563	-0.000899	-0.243873
0.154000	-6.000000	-7.323521	-0.000884	-0.247303
0.154100	-5.900000	-7.236544	-0.000869	-0.250675
0.154200	-5.800000	-7.148692	-0.000853	-0.253987
0.154300	-5.700000	-7.060021	-0.000838	-0.257239
0.154400	-5.600000	-6.970584	-0.000822	-0.260431
0.154500	-5.500000	-6.880431	-0.000806	-0.263563
0.154600	-5.400000	-6.789606	-0.000790	-0.266632
0.154700	-5.300000	-6.698154	-0.000774	-0.269640
0.154800	-5.200000	-6.606115	-0.000758	-0.272586
0.154900	-5.100000	-6.513527	-0.000742	-0.275470
0.155000	-5.000000	-6.420424	-0.000725	-0.278290
0.155100	-4.900000	-6.326840	-0.000709	-0.281047
0.155200	-4.800000	-6.232806	-0.000692	-0.283741
0.155300	-4.700000	-6.138351	-0.000675	-0.286370
0.155400	-4.600000	-6.043502	-0.000659	-0.288936
0.155500	-4.500000	-5.948284	-0.000642	-0.291437
0.155600	-4.400000	-5.852720	-0.000625	-0.293873
0.155700	-4.300000	-5.756834	-0.000608	-0.296244
0.155800	-4.200000	-5.660646	-0.000591	-0.298550
0.155900	-4.100000	-5.564175	-0.000574	-0.300791
0.156000	-4.000000	-5.467439	-0.000557	-0.302966
0.156100	-3.900000	-5.370456	-0.000540	-0.305075
0.156200	-3.800000	-5.273241	-0.000523	-0.307118
0.156300	-3.700000	-5.175809	-0.000505	-0.309095
0.156400	-3.600000	-5.078174	-0.000488	-0.311005
0.156500	-3.500000	-4.980350	-0.000471	-0.312850
0.156600	-3.400000	-4.882348	-0.000453	-0.314627
0.156700	-3.300000	-4.784179	-0.000436	-0.316338
0.156800	-3.200000	-4.685856	-0.000419	-0.317982
0.156900	-3.100000	-4.587386	-0.000401	-0.319559
0.157000	-3.000000	-4.488781	-0.000384	-0.321069
0.157100	-2.900000	-4.390048	-0.000366	-0.322512
0.157200	-2.800000	-4.291196	-0.000349	-0.323887
0.157300	-2.700000	-4.192232	-0.000331	-0.325196
0.157400	-2.600000	-4.093164	-0.000314	-0.326436
0.157500	-2.500000	-3.993998	-0.000296	-0.327610
0.157600	-2.400000	-3.894741	-0.000279	-0.328716
0.157700	-2.300000	-3.795398	-0.000261	-0.329754
0.157800	-2.200000	-3.695975	-0.000244	-0.330725
0.157900	-2.100000	-3.596478	-0.000226	-0.331628
0.158000	-2.000000	-3.496910	-0.000208	-0.332463
0.158100	-1.900000	-3.397277	-0.000191	-0.333231
0.158200	-1.800000	-3.297582	-0.000173	-0.333930
0.158300	-1.700000	-3.197830	-0.000156	-0.334563
0.158400	-1.600000	-3.098025	-0.000138	-0.335127
0.158500	-1.500000	-2.998169	-0.000120	-0.335623
0.158600	-1.400000	-2.898267	-0.000103	-0.336052
0.158700	-1.300000	-2.798320	-0.000085	-0.336413
0.158800	-1.200000	-2.698333	-0.000067	-0.336706
0.158900	-1.100000	-2.598307	-0.000050	-0.336932
0.159000	-1.000000	-2.498245	-0.000032	-0.337089
0.159100	-0.900000	-2.398149	-0.000015	-0.337179
0.159200	-0.800000	-2.298022	0.000003	-0.337201
0.159300	-0.700000	-2.197866	0.000021	-0.337156
0.159400	-0.600000	-2.097683	0.000038	-0.337043
0.159500	-0.500000	-1.997473	0.000056	-0.336862
0.159600	-0.400000	-1.897240	0.000073	-0.336614
0.159700	-0.300000	-1.796984	0.000091	-0.336298
0.159800	-0.200000	-1.696708	0.000108	-0.335915
0.159900	-0.100000	-1.596412	0.000126	-0.335464
0.160000	-0.000000	-1.496098	0.000143	-0.334946
0.160100	0.100000	-1.395766	0.000161	-0.334360
0.160200	0.200000	-1.295419	0.000178	-0.333707
0.160300	0.300000	-1.195057	0.000196	-0.332988
0.160400	0.400000	-1.094681	0.000213	-0.332200
0.160500	0.500000	-0.994292	0.000231	-0.331346
0.160600	0.600000	-0.893892	0.000248	-0.330425
0.160700	0.700000	-0.793480	0.000266	-0.329438
0.160800	0.800000	-0.693057	0.000283	-0.328383
0.160900	0.900000	-0.592625	0.000300	-0.327261
0.161000	1.000000	-0.492184	0.000318	-0.326073
0.161100	1.100000	-0.391735	0.000335	-0.324819
0.161200	1.200000	-0.291277	0.000352	-0.323498
0.161300	1.300000	-0.190813	0.000369	-0.322111
0.161400	1.400000	-0.090342	0.000387	-0.320657
0.161500	1.500000	0.010136	0.000404	-0.319137
0.161600	1.600000	0.110619	0.000421	-0.317552
0.161700	1.700000	0.211107	0.000438	-0.315900
0.161800	1.800000	0.311601	0.000455	-0.314183
0.161900	1.900000	0.412099	0.000472	-0.312400
0.162000	2.000000	0.512601	0.000489	-0.310551
0.162100	2.100000	0.613106	0.000506	-0.308638
0.162200	2.200000	0.713616	0.000523	-0.306658
0.162300	2.300000	0.814128	0.000540	-0.304614
0.162400	2.400000	0.914644	0.000557	-0.302505
0.162500	2.500000	1.015162	0.000574	-0.300331
0.162600	2.600000	1.115683	0.000591	-0.298092
0.162700	2.700000	1.216205	0.000607	-0.295788
0.162800	2.800000	1.316730	0.000624	-0.293421
0.162900	2.900000	1.417256	0.000641	-0.290988
0.163000	3.000000	1.517784	0.000657	-0.288492
0.163100	3.100000	1.618313	0.000674	-0.285932
0.163200	3.200000	1.718844	0.000691	-0.283308
0.163300	3.300000	1.819375	0.000707	-0.280620
0.163400	3.400000	1.919908	0.000724	-0.277869
0.163500	3.500000	2.020441	0.000740	-0.275055
0.163600	3.600000	2.120974	0.000756	-0.272177
0.163700	3.700000	2.221508	0.000773	-0.269237
0.163800	3.800000	2.322042	0.000789	-0.266234
0.163900	3.900000	2.422577	0.000805	-0.263168
0.164000	4.000000	2.523111	0.000821	-0.260039
0.164100	4.100000	2.623646	0.000838	-0.256849
0.164200	4.200000	2.724180	0.000854	-0.253596
0.164300	4.300000	2.824714	0.000870	-0.250282
0.164400	4.400000	2.925248	0.000886	-0.246906
0.164500	4.500000	3.025781	0.000902	-0.243468
0.164600	4.600000	3.126314	0.000918	-0.239970
0.164700	4.700000	3.226847	0.000933	-0.236410
0.164800	4.800000	3.327378	0.000949	-0.232789
0.164900	4.900000	3.427909	0.000965	-0.229108
0.165000	5.000000	3.528439	0.000981	-0.225366
0.165100	5.100000	3.628968	0.000996	-0.221564
0.165200	5.200000	3.729497	0.001012	-0.217702
0.165300	5.300000	3.830024	0.001027	-0.213781
0.165400	5.400000	3.930550	0.001043	-0.209799
0.165500	5.500000	4.031075	0.001058	-0.205759
0.165600	5.600000	4.131599	0.001074	-0.201659
0.165700	5.700000	4.232122	0.001089	-0.197501
0.165800	5.800000	4.332643	0.001104	-0.193284
0.165900	5.900000	4.433163	0.001119	-0.189008
0.166000	6.000000	4.533682	0.001134	-0.184674
0.166100	6.100000	4.634199	0.001149	-0.180282
0.166200	6.200000	4.734715	0.001164	-0.175833
0.166300	6.300000	4.835230	0.001179	-0.171326
0.166400	6.400000	4.935743	0.001194	-0.166762
0.166500	6.500000	5.036254	0.001209	-0.162141
0.166600	6.600000	5.136764	0.001224	-0.157464
0.166700	6.700000	5.237272	0.001238	-0.152730
0.166800	6.800000	5.337778	0.001253	-0.147939
0.166900	6.900000	5.438283	0.001267	-0.143093
0.167000	7.000000	5.538786	0.001282	-0.138191
0.167100	7.100000	5.639287	0.001296	-0.133234
0.167200	7.200000	5.739786	0.001310	-0.128222
0.167300	7.300000	5.840284	0.001325	-0.123155
0.167400	7.400000	5.940779	0.001339	-0.118033
0.167500	7.500000	6.041273	0.001353	-0.112857
0.167600	7.600000	6.141764	0.001367	-0.107627
0.167700	7.700000	6.242254	0.001381	-0.102343
0.167800	7.800000	6.342742	0.001395	-0.097005
0.167900	7.900000	6.443228	0.001408	-0.091615
0.168000	8.000000	6.543711	0.001422	-0.086171
0.168100	8.100000	6.644193	0.001436	-0.080675
0.168200	8.200000	6.744672	0.001449	-0.075127
0.168300	8.300000	6.845149	0.001463	-0.069527
0.168400	8.400000	6.945625	0.001476	-0.063874
0.168500	8.500000	7.046098	0.001490	-0.058171
0.168600	8.600000	7.146568	0.001503	-0.052416
0.168700	8.700000	7.247037	0.001516	-0.046611
0.168800	8.800000	7.347503	0.001529	-0.040755
0.168900	8.900000	7.447967	0.001542	-0.034848
0.169000	9.000000	7.548429	0.001555	-0.028892
0.169100	9.100000	7.648888	0.001568	-0.022886
0.169200	9.200000	7.749345	0.001581	-0.016831
0.169300	9.300000	7.849799	0.001593	-0.010727
0.169400	9.400000	7.950252	0.001606	-0.004574
0.169500	9.500000	8.050701	0.001619	0.001627
0.169600	9.600000	8.151149	0.001631	0.007876
0.169700	9.700000	8.251594	0.001643	0.014173
0.169800	9.800000	8.352036	0.001656	0.020517
0.169900	9.900000	8.452476	0.001668	0.026908
0.170000	10.000000	8.552913	0.001680	0.033346
0.170100	9.900000	8.646812	0.001691	0.039829
0.170200	9.800000	8.728195	0.001700	0.046352
0.170300	9.700000	8.797867	0.001708	0.052907
0.170400	9.600000	8.856584	0.001714	0.059489
0.170500	9.500000	8.905049	0.001719	0.066092
0.170600	9.400000	8.943922	0.001722	0.072709
0.170700	9.300000	8.973822	0.001724	0.079337
0.170800	9.200000	8.995325	0.001725	0.085971
0.170900	9.100000	9.008972	0.001725	0.092605
0.171000	9.000000	9.015269	0.001723	0.099235
0.171100	8.900000	9.014688	0.001721	0.105858
0.171200	8.800000	9.007672	0.001717	0.112469
0.171300	8.700000	8.994636	0.001713	0.119066
0.171400	8.600000	8.975967	0.001708	0.125645
0.171500	8.500000	8.952027	0.001702	0.132202
0.171600	8.400000	8.923155	0.001695	0.138735
0.171700	8.300000	8.889669	0.001688	0.145242
0.171800	8.200000	8.851866	0.001680	0.151718
0.171900	8.100000	8.810023	0.001671	0.158163
0.172000	8.000000	8.764401	0.001662	0.164573
0.172100	7.900000	8.715243	0.001652	0.170947
0.172200	7.800000	8.662776	0.001642	0.177282
0.172300	7.700000	8.607212	0.001631	0.183577
0.172400	7.600000	8.548752	0.001620	0.189829
0.172500	7.500000	8.487582	0.001608	0.196037
0.172600	7.400000	8.423875	0.001596	0.202200
0.172700	7.300000	8.357796	0.001584	0.208316
0.172800	7.200000	8.289496	0.001571	0.214382
0.172900	7.100000	8.219119	0.001558	0.220399
0.173000	7.000000	8.146798	0.001544	0.226365
0.173100	6.900000	8.072658	0.001530	0.232278
0.173200	6.800000	7.996816	0.001516	0.238137
0.173300	6.700000	7.919381	0.001502	0.243942
0.173400	6.600000	7.840457	0.001487	0.249691
0.173500	6.500000	7.760138	0.001472	0.255383
0.173600	6.400000	7.678515	0.001457	0.261018
0.173700	6.300000	7.595671	0.001442	0.266594
0.173800	6.200000	7.511685	0.001426	0.272110
0.173900	6.100000	7.426629	0.001411	0.277566
0.174000	6.000000	7.340574	0.001395	0.282962
0.174100	5.900000	7.253583	0.001379	0.288295
0.174200	5.800000	7.165716	0.001362	0.293567
0.174300	5.700000	7.077030	0.001346	0.298775
0.174400	5.600000	6.987576	0.001329	0.303920
0.174500	5.500000	6.897406	0.001313	0.309000
0.174600	5.400000	6.806563	0.001296	0.314016
0.174700	5.300000	6.715093	0.001279	0.318967
0.174800	5.200000	6.623034	0.001261	0.323852
0.174900	5.100000	6.530425	0.001244	0.328671
0.175000	5.000000	6.437302	0.001227	0.333423
0.175100	4.900000	6.343696	0.001209	0.338107
0.175200	4.800000	6.249639	0.001192	0.342725
0.175300	4.700000	6.155161	0.001174	0.347274
0.175400	4.600000	6.060287	0.001156	0.351755
0.175500	4.500000	5.965044	0.001138	0.356168
0.175600	4.400000	5.869455	0.001120	0.360511
0.175700	4.300000	5.773543	0.001102	0.364785
0.175800	4.200000	5.677327	0.001084	0.368990
0.175900	4.100000	5.580828	0.001066	0.373124
0.176000	4.000000	5.484064	0.001048	0.377188
0.176100	3.900000	5.387051	0.001029	0.381182
0.176200	3.800000	5.289806	0.001011	0.385105
0.176300	3.700000	5.192343	0.000992	0.388957
0.176400	3.600000	5.094677	0.000974	0.392737
0.176500	3.500000	4.996820	0.000955	0.396446
0.176600	3.400000	4.898784	0.000936	0.400084
0.176700	3.300000	4.800582	0.000918	0.403649
0.176800	3.200000	4.702224	0.000899	0.407142
0.176900	3.100000	4.603719	0.000880	0.410563
0.177000	3.000000	4.505077	0.000861	0.413911
0.177100	2.900000	4.406307	0.000842	0.417187
0.177200	2.800000	4.307418	0.000823	0.420390
0.177300	2.700000	4.208416	0.000804	0.423520
0.177400	2.600000	4.109308	0.000785	0.426576
0.177500	2.500000	4.010103	0.000766	0.429560
0.177600	2.400000	3.910805	0.000747	0.432470
0.177700	2.300000	3.811421	0.000728	0.435306
0.177800	2.200000	3.711956	0.000709	0.438068
0.177900	2.100000	3.612416	0.000689	0.440757
0.178000	2.000000	3.512805	0.000670	0.443372
0.178100	1.900000	3.413128	0.000651	0.445912
0.178200	1.800000	3.313388	0.000632	0.448379
0.178300	1.700000	3.213591	0.000612	0.450771
0.178400	1.600000	3.113739	0.000593	0.453089
0.178500	1.500000	3.013837	0.000574	0.455333
0.178600	1.400000	2.913886	0.000554	0.457502
0.178700	1.300000	2.813891	0.000535	0.459596
0.178800	1.200000	2.713855	0.000515	0.461616
0.178900	1.100000	2.613779	0.000496	0.463561
0.179000	1.000000	2.513667	0.000477	0.465431
0.179100	0.900000	2.413520	0.000457	0.467226
0.179200	0.800000	2.313342	0.000438	0.468947
0.179300	0.700000	2.213133	0.000418	0.470592
0.179400	0.600000	2.112896	0.000399	0.472163
0.179500	0.500000	2.012633	0.000379	0.473658
0.179600	0.400000	1.912346	0.000360	0.475079
0.179700	0.300000	1.812035	0.000340	0.476424
0.179800	0.200000	1.711703	0.000321	0.477694
0.179900	0.100000	1.611350	0.000301	0.478889
0.180000	0.000000	1.510979	0.000281	0.480009
0.180100	-0.100000	1.410590	0.000262	0.481054
0.180200	-0.200000	1.310184	0.000242	0.482024
0.180300	-0.300000	1.209763	0.000223	0.482919
0.180400	-0.400000	1.109327	0.000203	0.483738
0.180500	-0.500000	1.008878	0.000184	0.484482
0.180600	-0.600000	0.908417	0.000164	0.485151
0.180700	-0.700000	0.807943	0.000145	0.485745
0.180800	-0.800000	0.707458	0.000125	0.486264
0.180900	-0.900000	0.606963	0.000106	0.486708
0.181000	-1.000000	0.506459	0.000086	0.487076
0.181100	-1.100000	0.405945	0.000067	0.487370
0.181200	-1.200000	0.305423	0.000047	0.487589
0.181300	-1.300000	0.204893	0.000028	0.487732
0.181400	-1.400000	0.104356	0.000008	0.487801
0.181500	-1.500000	0.003812	-0.000011	0.487795
0.181600	-1.600000	-0.096738	-0.000031	0.487714
0.181700	-1.700000	-0.197294	-0.000050	0.487558
0.181800	-1.800000	-0.297856	-0.000070	0.487327
0.181900	-1.900000	-0.398423	-0.000089	0.487022
0.182000	-2.000000	-0.498995	-0.000108	0.486642
0.182100	-2.100000	-0.599571	-0.000128	0.486187
0.182200	-2.200000	-0.700151	-0.000147	0.485658
0.182300	-2.300000	-0.800735	-0.000167	0.485055
0.182400	-2.400000	-0.901322	-0.000186	0.484377
0.182500	-2.500000	-1.001913	-0.000205	0.483625
0.182600	-2.600000	-1.102506	-0.000224	0.482799
0.182700	-2.700000	-1.203103	-0.000244	0.481898
0.182800	-2.800000	-1.303701	-0.000263	0.480924
0.182900	-2.900000	-1.404302	-0.000282	0.479876
0.183000	-3.000000	-1.504906	-0.000301	0.478754
0.183100	-3.100000	-1.605511	-0.000320	0.477558
0.183200	-3.200000	-1.706118	-0.000340	0.476288
0.183300	-3.300000	-1.806726	-0.000359	0.474945
0.183400	-3.400000	-1.907336	-0.000378	0.473529
0.183500	-3.500000	-2.007947	-0.000397	0.472039
0.183600	-3.600000	-2.108559	-0.000416	0.470477
0.183700	-3.700000	-2.209172	-0.000435	0.468841
0.183800	-3.800000	-2.309786	-0.000454	0.467132
0.183900	-3.900000	-2.410400	-0.000473	0.465350
0.184000	-4.000000	-2.511015	-0.000492	0.463496
0.184100	-4.100000	-2.611631	-0.000510	0.461569
0.184200	-4.200000	-2.712247	-0.000529	0.459570
0.184300	-4.300000	-2.812863	-0.000548	0.457499
0.184400	-4.400000	-2.913479	-0.000567	0.455355
0.184500	-4.500000	-3.014096	-0.000585	0.453139
0.184600	-4.600000	-3.114712	-0.000604	0.450852
0.184700	-4.700000	-3.215328	-0.000623	0.448493
0.184800	-4.800000	-3.315945	-0.000641	0.446062
0.184900	-4.900000	-3.416561	-0.000660	0.443561
0.185000	-5.000000	-3.517176	-0.000678	0.440987
0.185100	-5.100000	-3.617791	-0.000697	0.438343
0.185200	-5.200000	-3.718406	-0.000715	0.435628
0.185300	-5.300000	-3.819020	-0.000733	0.432843
0.185400	-5.400000	-3.919634	-0.000752	0.429987
0.185500	-5.500000	-4.020247	-0.000770	0.427060
0.185600	-5.600000	-4.120859	-0.000788	0.424064
0.185700	-5.700000	-4.221470	-0.000806	0.420997
0.185800	-5.800000	-4.322081	-0.000824	0.417861
0.185900	-5.900000	-4.422690	-0.000843	0.414655
0.186000	-6.000000	-4.523299	-0.000861	0.411380
0.186100	-6.100000	-4.623907	-0.000879	0.408035
0.186200	-6.200000	-4.724514	-0.000896	0.404622
0.186300	-6.300000	-4.825119	-0.000914	0.401140
0.186400	-6.400000	-4.925724	-0.000932	0.397589
0.186500	-6.500000	-5.026327	-0.000950	0.393970
0.186600	-6.600000	-5.126929	-0.000968	0.390283
0.186700	-6.700000	-5.227530	-0.000985	0.386527
0.186800	-6.800000	-5.328130	-0.001003	0.382704
0.186900	-6.900000	-5.428728	-0.001020	0.378814
0.187000	-7.000000	-5.529325	-0.001038	0.374857
0.187100	-7.100000	-5.629920	-0.001055	0.370832
0.187200	-7.200000	-5.730515	-0.001072	0.366740
0.187300	-7.300000	-5.831107	-0.001090	0.362582
0.187400	-7.400000	-5.931698	-0.001107	0.358358
0.187500	-7.500000	-6.032288	-0.001124	0.354068
0.187600	-7.600000	-6.132875	-0.001141	0.349711
0.187700	-7.700000	-6.233462	-0.001158	0.345290
0.187800	-7.800000	-6.334046	-0.001175	0.340802
0.187900	-7.900000	-6.434629	-0.001192	0.336250
0.188000	-8.000000	-6.535211	-0.001209	0.331633
0.188100	-8.100000	-6.635790	-0.001226	0.326951
0.188200	-8.200000	-6.736368	-0.001242	0.322205
0.188300	-8.300000	-6.836943	-0.001259	0.317395
0.188400	-8.400000	-6.937517	-0.001275	0.312521
0.188500	-8.500000	-7.038090	-0.001292	0.307584
0.188600	-8.600000	-7.138660	-0.001308	0.302583
0.188700	-8.700000	-7.239228	-0.001325	0.297520
0.188800	-8.800000	-7.339794	-0.001341	0.292393
0.188900	-8.900000	-7.440359	-0.001357	0.287205
0.189000	-9.000000	-7.540921	-0.001373	0.281954
0.189100	-9.100000	-7.641481	-0.001389	0.276641
0.189200	-9.200000	-7.742040	-0.001405	0.271267
0.189300	-9.300000	-7.842596	-0.001421	0.265831
0.189400	-9.400000	-7.943150	-0.001437	0.260335
0.189500	-9.500000	-8.043701	-0.001453	0.254778
0.189600	-9.600000	-8.144251	-0.001468	0.249160
0.189700	-9.700000	-8.244799	-0.001484	0.243482
0.189800	-9.800000	-8.345344	-0.001499	0.237745
0.189900	-9.900000	-8.445887	-0.001515	0.231948
0.190000	-10.000000	-8.546427	-0.001530	0.226092
0.190100	-9.900000	-8.640429	-0.001545	0.220178
0.190200	-9.800000	-8.721916	-0.001557	0.214213
0.190300	-9.700000	-8.791693	-0.001568	0.208202
0.190400	-9.600000	-8.850513	-0.001578	0.202152
0.190500	-9.500000	-8.899082	-0.001585	0.196069
0.190600	-9.400000	-8.938061	-0.001592	0.189958
0.190700	-9.300000	-8.968065	-0.001597	0.183824
0.190800	-9.200000	-8.989673	-0.001601	0.177673
0.190900	-9.100000	-9.003425	-0.001604	0.171508
0.191000	-9.000000	-9.009827	-0.001606	0.165334
0.191100	-8.900000	-9.009352	-0.001607	0.159155
0.191200	-8.800000	-9.002442	-0.001607	0.152975
0.191300	-8.700000	-8.989512	-0.001606	0.146797
0.191400	-8.600000	-8.970949	-0.001604	0.140624
0.191500	-8.500000	-8.947115	-0.001601	0.134460
0.191600	-8.400000	-8.918350	-0.001598	0.128308
0.191700	-8.300000	-8.884970	-0.001594	0.122170
0.191800	-8.200000	-8.847274	-0.001589	0.116048
0.191900	-8.100000	-8.805538	-0.001584	0.109946
0.192000	-8.000000	-8.760023	-0.001578	0.103866
0.192100	-7.900000	-8.710972	-0.001571	0.097810
0.192200	-7.800000	-8.658612	-0.001564	0.091779
0.192300	-7.700000	-8.603156	-0.001557	0.085776
0.192400	-7.600000	-8.544803	-0.001549	0.079803
0.192500	-7.500000	-8.483741	-0.001541	0.073861
0.192600	-7.400000	-8.420142	-0.001532	0.067952
0.192700	-7.300000	-8.354170	-0.001523	0.062077
0.192800	-7.200000	-8.285978	-0.001513	0.056238
0.192900	-7.100000	-8.215709	-0.001503	0.050437
0.193000	-7.000000	-8.143496	-0.001493	0.044674
0.193100	-6.900000	-8.069464	-0.001483	0.038951
0.193200	-6.800000	-7.993730	-0.001472	0.033269
0.193300	-6.700000	-7.916404	-0.001461	0.027628
0.193400	-6.600000	-7.837588	-0.001450	0.022031
0.193500	-6.500000	-7.757378	-0.001438	0.016478
0.193600	-6.400000	-7.675863	-0.001426	0.010970
0.193700	-6.300000	-7.593128	-0.001414	0.005507
0.193800	-6.200000	-7.509250	-0.001402	0.000091
0.193900	-6.100000	-7.424304	-0.001390	-0.005277
0.194000	-6.000000	-7.338357	-0.001377	-0.010597
0.194100	-5.900000	-7.251474	-0.001364	-0.015868
0.194200	-5.800000	-7.163716	-0.001351	-0.021090
0.194300	-5.700000	-7.075139	-0.001338	-0.026261
0.194400	-5.600000	-6.985794	-0.001325	-0.031381
0.194500	-5.500000	-6.895732	-0.001311	-0.036450
0.194600	-5.400000	-6.804999	-0.001298	-0.041467
0.194700	-5.300000	-6.713637	-0.001284	-0.046432
0.194800	-5.200000	-6.621687	-0.001270	-0.051343
0.194900	-5.100000	-6.529187	-0.001256	-0.056201
0.195000	-5.000000	-6.436172	-0.001242	-0.061004
0.195100	-4.900000	-6.342675	-0.001228	-0.065753
0.195200	-4.800000	-6.248727	-0.001213	-0.070448
0.195300	-4.700000	-6.154357	-0.001199	-0.075087
0.195400	-4.600000	-6.059593	-0.001184	-0.079670
0.195500	-4.500000	-5.964458	-0.001170	-0.084197
0.195600	-4.400000	-5.868978	-0.001155	-0.088668
0.195700	-4.300000	-5.773174	-0.001140	-0.093082
0.195800	-4.200000	-5.677067	-0.001125	-0.097439
0.195900	-4.100000	-5.580676	-0.001110	-0.101738
0.196000	-4.000000	-5.484020	-0.001095	-0.105980
0.196100	-3.900000	-5.387115	-0.001080	-0.110163
0.196200	-3.800000	-5.289978	-0.001065	-0.114289
0.196300	-3.700000	-5.192624	-0.001050	-0.118355
0.196400	-3.600000	-5.095066	-0.001034	-0.122363
0.196500	-3.500000	-4.997317	-0.001019	-0.126312
0.196600	-3.400000	-4.899389	-0.001004	-0.130202
0.196700	-3.300000	-4.801295	-0.000988	-0.134032
0.196800	-3.200000	-4.703044	-0.000972	-0.137802
0.196900	-3.100000	-4.604647	-0.000957	-0.141512
0.197000	-3.000000	-4.506112	-0.000941	-0.145162
0.197100	-2.900000	-4.407450	-0.000925	-0.148752
0.197200	-2.800000	-4.308667	-0.000910	-0.152281
0.197300	-2.700000	-4.209772	-0.000894	-0.155750
0.197400	-2.600000	-4.110772	-0.000878	-0.159157
0.197500	-2.500000	-4.011673	-0.000862	-0.162503
0.197600	-2.400000	-3.912482	-0.000846	-0.165788
0.197700	-2.300000	-3.813204	-0.000830	-0.169012
0.197800	-2.200000	-3.713846	-0.000814	-0.172174
0.197900	-2.100000	-3.614412	-0.000798	-0.175274
0.198000	-2.000000	-3.514907	-0.000782	-0.178312
0.198100	-1.900000	-3.415335	-0.000766	-0.181289
0.198200	-1.800000	-3.315702	-0.000750	-0.184203
0.198300	-1.700000	-3.216010	-0.000733	-0.187055
0.198400	-1.600000	-3.116263	-0.000717	-0.189845
0.198500	-1.500000	-3.016466	-0.000701	-0.192572
0.198600	-1.400000	-2.916621	-0.000685	-0.195236
0.198700	-1.300000	-2.816731	-0.000668	-0.197838
0.198800	-1.200000	-2.716798	-0.000652	-0.200377
0.198900	-1.100000	-2.616827	-0.000636	-0.202853
0.199000	-1.000000	-2.516819	-0.000619	-0.205266
0.199100	-0.900000	-2.416776	-0.000603	-0.207616
0.199200	-0.800000	-2.316701	-0.000586	-0.209903
0.199300	-0.700000	-2.216596	-0.000570	-0.212126
0.199400	-0.600000	-2.116463	-0.000553	-0.214286
0.199500	-0.500000	-2.016303	-0.000537	-0.216383
0.199600	-0.400000	-1.916118	-0.000520	-0.218416
0.199700	-0.300000	-1.815909	-0.000504	-0.220386
0.199800	-0.200000	-1.715679	-0.000487	-0.222292
0.199900	-0.100000	-1.615429	-0.000471	-0.224135
0.200000	-0.000000	-1.515159	-0.000454	-0.225913
